Sun Mar 22 12:11:52 2020
128 Dementia Associated Behavioral and Psychiatric Symptoms Screening and Management - National Quality Strategy Domain: Effective Clinical Care - Meaningful Measure Area: Prevention, Treatment, and Management of Mental Health from 01/01/2019 thru 12/31/2019 
ClientID	TrID	pcount	G8416	G8417	G8418	G8419	G8420	G8421	G8422	G8938	
55774	1224613		0	0	0	0	0	1	0	0	
55774	1224613		0	0	0	0	0	1	0	0	
55774	1224613		0	0	0	0	0	1	0	0	
44797	1224623		0	0	0	0	0	1	0	0	
44797	1224623		0	0	0	0	0	1	0	0	
44797	1224623		0	0	0	0	0	1	0	0	
44797	1224623		0	0	0	0	0	1	0	0	
61298	1224644		0	0	0	0	0	1	0	0	
61298	1224644		0	0	0	0	0	1	0	0	
61298	1224644		0	0	0	0	0	1	0	0	
61298	1224644		0	0	0	0	0	1	0	0	
60702	1224677		0	0	0	0	0	1	0	0	
60702	1224677		0	0	0	0	0	1	0	0	
60544	1224664		0	0	0	0	0	1	0	0	
60544	1224664		0	0	0	0	0	1	0	0	
58601	1224736		0	0	0	1	0	0	0	0	
58601	1224736		0	0	0	1	0	0	0	0	
58601	1224736		0	0	0	1	0	0	0	0	
62141	1224748		0	0	0	0	0	1	0	0	
62141	1224748		0	0	0	0	0	1	0	0	
60545	1224774		0	0	0	0	0	1	0	0	
60832	1224794		0	0	0	0	0	1	0	0	
60832	1224794		0	0	0	0	0	1	0	0	
60905	1224820		0	0	0	0	0	1	0	0	
58401	1224841		0	0	0	0	0	1	0	0	
54790	1228196		0	0	0	0	0	1	0	0	
54790	1228196		0	0	0	0	0	1	0	0	
54790	1228196		0	0	0	0	0	1	0	0	
54790	1228196		0	0	0	0	0	1	0	0	
54790	1228196		0	0	0	0	0	1	0	0	
61131	1228259		0	0	0	0	0	1	0	0	
61131	1228259		0	0	0	0	0	1	0	0	
61131	1228259		0	0	0	0	0	1	0	0	
60075	1228332		0	0	0	0	0	1	0	0	
60075	1228332		0	0	0	0	0	1	0	0	
60075	1228332		0	0	0	0	0	1	0	0	
39590	1228614		0	0	0	0	0	1	0	0	
39590	1228614		0	0	0	0	0	1	0	0	
39590	1228614		0	0	0	0	0	1	0	0	
57277	1228642		0	0	0	0	0	1	0	0	
57277	1228642		0	0	0	0	0	1	0	0	
57277	1228642		0	0	0	0	0	1	0	0	
61639	1228656		0	0	0	0	0	1	0	0	
61639	1228656		0	0	0	0	0	1	0	0	
61639	1228656		0	0	0	0	0	1	0	0	
60748	1228671		0	0	0	0	0	1	0	0	
60748	1228671		0	0	0	0	0	1	0	0	
60748	1228671		0	0	0	0	0	1	0	0	
60748	1228671		0	0	0	0	0	1	0	0	
60773	1228682		0	0	0	0	0	1	0	0	
60594	1228695		0	0	0	0	0	1	0	0	
60594	1228695		0	0	0	0	0	1	0	0	
58507	1228719		0	0	0	0	0	1	0	0	
58284	1228753		0	0	0	0	0	1	0	0	
58284	1228753		0	0	0	0	0	1	0	0	
58284	1228753		0	0	0	0	0	1	0	0	
61687	1229169		0	0	0	0	0	1	0	0	
61687	1229169		0	0	0	0	0	1	0	0	
51596	1229179		0	0	0	0	0	1	0	0	
50522	1229212		0	0	0	0	0	1	0	0	
50522	1229212		0	0	0	0	0	1	0	0	
50522	1229212		0	0	0	0	0	1	0	0	
61126	1229413		0	0	0	0	0	1	0	0	
61126	1229413		0	0	0	0	0	1	0	0	
61126	1229413		0	0	0	0	0	1	0	0	
61126	1229413		0	0	0	0	0	1	0	0	
61126	1229413		0	0	0	0	0	1	0	0	
48810	1229418		0	0	0	0	0	1	0	0	
48810	1229418		0	0	0	0	0	1	0	0	
59523	1229234		0	0	0	0	0	1	0	0	
59523	1229234		0	0	0	0	0	1	0	0	
59523	1229234		0	0	0	0	0	1	0	0	
60311	1229252		0	0	0	0	0	1	0	0	
53754	1229431		0	0	0	0	0	1	0	0	
52133	1229433		0	0	0	0	0	1	0	0	
52133	1229433		0	0	0	0	0	1	0	0	
60785	1229442		0	0	0	0	0	1	0	0	
60785	1229442		0	0	0	0	0	1	0	0	
48457	1229456		0	0	0	0	0	1	0	0	
61484	1229468		0	0	0	0	0	1	0	0	
61484	1229468		0	0	0	0	0	1	0	0	
61484	1229468		0	0	0	0	0	1	0	0	
61484	1229468		0	0	0	0	0	1	0	0	
48423	1229496		0	0	0	0	0	1	0	0	
48423	1229496		0	0	0	0	0	1	0	0	
48423	1229496		0	0	0	0	0	1	0	0	
59654	1229515		0	0	0	0	0	1	0	0	
59654	1229515		0	0	0	0	0	1	0	0	
53098	1229601		0	0	0	0	0	1	0	0	
53098	1229601		0	0	0	0	0	1	0	0	
53098	1229601		0	0	0	0	0	1	0	0	
53098	1229601		0	0	0	0	0	1	0	0	
56318	1221073		0	0	0	1	0	0	0	0	
56318	1221073		0	0	0	1	0	0	0	0	
56318	1221073		0	0	0	1	0	0	0	0	
56318	1221073		0	0	0	1	0	0	0	0	
56318	1221073		0	0	0	1	0	0	0	0	
56318	1221073		0	0	0	1	0	0	0	0	
56318	1221073		0	0	0	1	0	0	0	0	
58558	1220327		0	0	0	1	0	0	0	0	
58558	1220327		0	0	0	1	0	0	0	0	
58558	1220327		0	0	0	1	0	0	0	0	
58558	1220327		0	0	0	1	0	0	0	0	
58558	1220327		0	0	0	1	0	0	0	0	
58391	1225015		0	0	0	0	0	1	0	0	
58391	1225015		0	0	0	0	0	1	0	0	
58391	1225015		0	0	0	0	0	1	0	0	
56980	1225224		0	0	0	0	0	1	0	0	
57759	1225236		0	0	0	0	0	1	0	0	
57759	1225236		0	0	0	0	0	1	0	0	
57759	1225236		0	0	0	0	0	1	0	0	
46055	1225254		0	0	0	0	0	1	0	0	
46055	1225254		0	0	0	0	0	1	0	0	
46055	1225254		0	0	0	0	0	1	0	0	
46055	1225254		0	0	0	0	0	1	0	0	
58509	1225271		0	0	0	0	0	1	0	0	
48023	1225304		0	0	0	0	0	1	0	0	
48023	1225304		0	0	0	0	0	1	0	0	
48023	1225304		0	0	0	0	0	1	0	0	
57390	1225321		0	0	0	0	0	1	0	0	
57390	1225321		0	0	0	0	0	1	0	0	
57390	1225321		0	0	0	0	0	1	0	0	
58087	1225386		0	0	0	0	0	1	0	0	
58087	1225386		0	0	0	0	0	1	0	0	
58087	1225386		0	0	0	0	0	1	0	0	
60894	1225438		0	0	0	0	0	1	0	0	
57576	1225452		0	0	0	0	0	1	0	0	
57576	1225452		0	0	0	0	0	1	0	0	
61903	1225467		0	0	0	0	0	1	0	0	
61903	1225467		0	0	0	0	0	1	0	0	
61903	1225467		0	0	0	0	0	1	0	0	
58920	1225486		0	0	0	0	0	1	0	0	
58920	1225486		0	0	0	0	0	1	0	0	
58920	1225486		0	0	0	0	0	1	0	0	
57386	1225491		0	0	0	0	0	1	0	0	
61168	1225497		0	0	0	0	0	1	0	0	
43700	1225601		0	0	0	0	0	1	0	0	
43700	1225601		0	0	0	0	0	1	0	0	
43700	1225601		0	0	0	0	0	1	0	0	
43700	1225601		0	0	0	0	0	1	0	0	
40534	1225612		0	0	0	0	0	1	0	0	
51972	1225616		0	0	0	0	0	1	0	0	
58043	1225621		0	0	0	0	0	1	0	0	
61258	1225630		0	0	0	0	0	1	0	0	
58102	1225661		0	0	0	0	0	1	0	0	
58102	1225661		0	0	0	0	0	1	0	0	
58102	1225661		0	0	0	0	0	1	0	0	
61904	1225685		0	0	0	0	0	1	0	0	
61516	1225712		0	0	0	0	0	1	0	0	
61516	1225712		0	0	0	0	0	1	0	0	
61516	1225712		0	0	0	0	0	1	0	0	
58491	1225771		0	0	0	0	0	1	0	0	
58491	1225771		0	0	0	0	0	1	0	0	
51177	1225803		0	0	0	0	0	1	0	0	
51177	1225803		0	0	0	0	0	1	0	0	
46622	1225815		0	0	0	0	0	1	0	0	
46622	1225815		0	0	0	0	0	1	0	0	
46622	1225815		0	0	0	0	0	1	0	0	
46622	1225815		0	0	0	0	0	1	0	0	
46622	1225815		0	0	0	0	0	1	0	0	
46622	1225815		0	0	0	0	0	1	0	0	
46622	1225815		0	0	0	0	0	1	0	0	
46622	1225815		0	0	0	0	0	1	0	0	
53305	1225828		0	0	0	0	0	1	0	0	
53305	1225828		0	0	0	0	0	1	0	0	
53305	1225828		0	0	0	0	0	1	0	0	
53305	1225828		0	0	0	0	0	1	0	0	
53305	1225828		0	0	0	0	0	1	0	0	
53305	1225828		0	0	0	0	0	1	0	0	
60514	1225844		0	0	0	0	0	1	0	0	
60514	1225844		0	0	0	0	0	1	0	0	
57359	1225855		0	0	0	0	0	1	0	0	
57359	1225855		0	0	0	0	0	1	0	0	
60010	1225941		0	0	0	0	0	1	0	0	
51912	1226084		0	0	0	0	0	1	0	0	
51912	1226084		0	0	0	0	0	1	0	0	
51912	1226084		0	0	0	0	0	1	0	0	
49853	1226086		0	0	0	0	0	1	0	0	
49853	1226086		0	0	0	0	0	1	0	0	
49853	1226086		0	0	0	0	0	1	0	0	
50278	1226132		0	0	0	0	0	1	0	0	
50278	1226132		0	0	0	0	0	1	0	0	
50278	1226132		0	0	0	0	0	1	0	0	
56363	1226144		0	0	0	0	0	1	0	0	
56363	1226144		0	0	0	0	0	1	0	0	
56363	1226144		0	0	0	0	0	1	0	0	
49219	1226169		0	0	0	0	0	1	0	0	
49219	1226169		0	0	0	0	0	1	0	0	
60512	1226214		0	0	0	0	0	1	0	0	
60512	1226214		0	0	0	0	0	1	0	0	
60512	1226214		0	0	0	0	0	1	0	0	
60512	1226214		0	0	0	0	0	1	0	0	
59437	1226233		0	0	0	0	0	1	0	0	
59437	1226233		0	0	0	0	0	1	0	0	
53220	1226244		0	0	0	0	0	1	0	0	
53220	1226244		0	0	0	0	0	1	0	0	
60574	1226259		0	0	0	0	0	1	0	0	
60574	1226259		0	0	0	0	0	1	0	0	
55346	1226277		0	0	0	0	0	1	0	0	
55231	1226285		0	0	0	0	0	1	0	0	
55231	1226285		0	0	0	0	0	1	0	0	
55231	1226285		0	0	0	0	0	1	0	0	
48559	1226361		0	0	0	0	0	1	0	0	
48559	1226361		0	0	0	0	0	1	0	0	
48559	1226361		0	0	0	0	0	1	0	0	
48559	1226361		0	0	0	0	0	1	0	0	
59814	1221292		0	0	0	0	0	1	0	0	
59814	1221292		0	0	0	0	0	1	0	0	
59814	1221292		0	0	0	0	0	1	0	0	
60674	1226374		0	0	0	0	0	1	0	0	
60674	1226374		0	0	0	0	0	1	0	0	
58033	1226380		0	0	0	0	0	1	0	0	
58033	1226380		0	0	0	0	0	1	0	0	
60278	1226394		0	0	0	0	0	1	0	0	
60278	1226394		0	0	0	0	0	1	0	0	
51308	1227732		0	0	0	0	0	1	0	0	
43705	1227767		0	0	0	0	0	1	0	0	
51333	1227808		0	0	0	0	0	1	0	0	
51333	1227808		0	0	0	0	0	1	0	0	
51333	1227808		0	0	0	0	0	1	0	0	
51333	1227808		0	0	0	0	0	1	0	0	
51333	1227808		0	0	0	0	0	1	0	0	
46449	1227862		0	0	0	0	0	1	0	0	
46449	1227862		0	0	0	0	0	1	0	0	
46449	1227862		0	0	0	0	0	1	0	0	
46449	1227862		0	0	0	0	0	1	0	0	
46449	1227862		0	0	0	0	0	1	0	0	
46449	1227862		0	0	0	0	0	1	0	0	
46449	1227862		0	0	0	0	0	1	0	0	
56683	1227887		0	0	0	0	0	1	0	0	
56683	1227887		0	0	0	0	0	1	0	0	
56683	1227887		0	0	0	0	0	1	0	0	
39504	1227920		0	0	0	0	0	1	0	0	
55049	1227943		0	0	0	0	0	1	0	0	
55049	1227943		0	0	0	0	0	1	0	0	
55049	1227943		0	0	0	0	0	1	0	0	
55079	1227997		0	0	0	0	0	1	0	0	
60308	1228011		0	0	0	0	0	1	0	0	
60279	1228032		0	0	0	0	0	1	0	0	
60279	1228032		0	0	0	0	0	1	0	0	
60279	1228032		0	0	0	0	0	1	0	0	
49175	1228052		0	0	0	0	0	1	0	0	
49175	1228052		0	0	0	0	0	1	0	0	
49175	1228052		0	0	0	0	0	1	0	0	
56952	1228057		0	0	0	0	0	1	0	0	
56952	1228057		0	0	0	0	0	1	0	0	
58036	1228064		0	0	0	0	0	1	0	0	
58036	1228064		0	0	0	0	0	1	0	0	
49667	1228071		0	0	0	0	0	1	0	0	
49667	1228071		0	0	0	0	0	1	0	0	
49667	1228071		0	0	0	0	0	1	0	0	
57055	1228075		0	0	0	0	0	1	0	0	
57055	1228075		0	0	0	0	0	1	0	0	
57055	1228075		0	0	0	0	0	1	0	0	
56528	1228082		0	0	0	0	0	1	0	0	
56528	1228082		0	0	0	0	0	1	0	0	
56528	1228082		0	0	0	0	0	1	0	0	
60767	1228279		0	0	0	0	0	1	0	0	
60767	1228279		0	0	0	0	0	1	0	0	
60767	1228279		0	0	0	0	0	1	0	0	
60767	1228279		0	0	0	0	0	1	0	0	
60767	1228279		0	0	0	0	0	1	0	0	
60767	1228279		0	0	0	0	0	1	0	0	
52640	1228296		0	0	0	0	0	1	0	0	
61069	1228321		0	0	0	0	0	1	0	0	
61069	1228321		0	0	0	0	0	1	0	0	
59162	1228341		0	0	0	0	0	1	0	0	
51915	1228362		0	0	0	0	0	1	0	0	
51915	1228362		0	0	0	0	0	1	0	0	
60790	1228401		0	0	0	0	0	1	0	0	
51639	1228409		0	0	0	0	0	1	0	0	
51639	1228409		0	0	0	0	0	1	0	0	
49408	1228424		0	0	0	0	0	1	0	0	
56368	1228430		0	0	0	0	0	1	0	0	
56368	1228430		0	0	0	0	0	1	0	0	
51811	1228462		0	0	0	0	0	1	0	0	
51811	1228462		0	0	0	0	0	1	0	0	
51811	1228462		0	0	0	0	0	1	0	0	
51811	1228462		0	0	0	0	0	1	0	0	
45426	1228480		0	0	0	0	0	1	0	0	
45426	1228480		0	0	0	0	0	1	0	0	
45426	1228480		0	0	0	0	0	1	0	0	
45426	1228480		0	0	0	0	0	1	0	0	
45426	1228480		0	0	0	0	0	1	0	0	
58135	1228487		0	0	0	0	0	1	0	0	
53487	1228907		0	0	0	0	0	1	0	0	
53487	1228907		0	0	0	0	0	1	0	0	
56340	1228934		0	0	0	0	0	1	0	0	
56340	1228934		0	0	0	0	0	1	0	0	
59329	1228964		0	0	0	0	0	1	0	0	
59329	1228964		0	0	0	0	0	1	0	0	
59329	1228964		0	0	0	0	0	1	0	0	
42224	1228970		0	0	0	0	0	1	0	0	
42224	1228970		0	0	0	0	0	1	0	0	
42224	1228970		0	0	0	0	0	1	0	0	
45732	1228987		0	0	0	0	0	1	0	0	
45732	1228987		0	0	0	0	0	1	0	0	
56125	1229012		0	0	0	0	0	1	0	0	
56125	1229012		0	0	0	0	0	1	0	0	
56125	1229012		0	0	0	0	0	1	0	0	
40750	1229023		0	0	0	0	0	1	0	0	
40750	1229023		0	0	0	0	0	1	0	0	
40750	1229023		0	0	0	0	0	1	0	0	
47127	1229029		0	0	0	0	0	1	0	0	
47127	1229029		0	0	0	0	0	1	0	0	
47127	1229029		0	0	0	0	0	1	0	0	
47127	1229029		0	0	0	0	0	1	0	0	
46913	1229035		0	0	0	0	0	1	0	0	
46913	1229035		0	0	0	0	0	1	0	0	
47232	1229040		0	0	0	0	0	1	0	0	
47232	1229040		0	0	0	0	0	1	0	0	
47232	1229040		0	0	0	0	0	1	0	0	
47232	1229040		0	0	0	0	0	1	0	0	
59015	1229045		0	0	0	0	0	1	0	0	
59015	1229045		0	0	0	0	0	1	0	0	
59015	1229045		0	0	0	0	0	1	0	0	
52462	1229051		0	0	1	0	0	0	0	0	
44538	1229057		0	0	0	0	0	1	0	0	
59267	1229061		0	0	0	0	0	1	0	0	
59267	1229061		0	0	0	0	0	1	0	0	
61762	1229068		0	0	0	0	0	1	0	0	
61762	1229068		0	0	0	0	0	1	0	0	
62102	1229074		0	0	0	0	0	1	0	0	
50412	1229208		0	0	0	0	0	1	0	0	
50412	1229208		0	0	0	0	0	1	0	0	
50412	1229208		0	0	0	0	0	1	0	0	
49295	1229257		0	0	0	0	0	1	0	0	
49295	1229257		0	0	0	0	0	1	0	0	
49295	1229257		0	0	0	0	0	1	0	0	
50531	1229281		0	0	0	0	0	1	0	0	
50531	1229281		0	0	0	0	0	1	0	0	
50531	1229281		0	0	0	0	0	1	0	0	
50531	1229281		0	0	0	0	0	1	0	0	
51212	1229289		0	0	0	0	0	1	0	0	
50370	1229314		0	0	0	0	0	1	0	0	
50370	1229314		0	0	0	0	0	1	0	0	
50370	1229314		0	0	0	0	0	1	0	0	
58020	1229323		0	0	0	0	0	1	0	0	
58020	1229323		0	0	0	0	0	1	0	0	
46901	1229330		0	0	0	0	0	1	0	0	
57321	1229336		0	0	0	0	0	1	0	0	
57321	1229336		0	0	0	0	0	1	0	0	
38432	1229343		0	0	0	0	0	1	0	0	
38432	1229343		0	0	0	0	0	1	0	0	
58795	1229363		0	0	0	0	0	1	0	0	
58795	1229363		0	0	0	0	0	1	0	0	
58795	1229363		0	0	0	0	0	1	0	0	
59448	1229621		0	0	0	0	0	1	0	0	
59448	1229621		0	0	0	0	0	1	0	0	
59448	1229621		0	0	0	0	0	1	0	0	
61354	1229492		0	0	0	0	0	1	0	0	
58405	1229499		0	0	0	0	0	1	0	0	
56947	1229544		0	0	0	0	0	1	0	0	
56947	1229544		0	0	0	0	0	1	0	0	
57602	1229575		0	0	0	0	0	1	0	0	
41780	1229636		0	0	0	0	0	1	0	0	
41780	1229636		0	0	0	0	0	1	0	0	
41780	1229636		0	0	0	0	0	1	0	0	
52026	1229644		0	0	0	0	0	1	0	0	
52026	1229644		0	0	0	0	0	1	0	0	
52026	1229644		0	0	0	0	0	1	0	0	
61970	1224617		0	0	0	0	0	1	0	0	
50481	1224625		0	0	0	0	0	1	0	0	
43799	1224630		0	0	0	0	0	1	0	0	
43799	1224630		0	0	0	0	0	1	0	0	
62537	1224636		0	0	0	0	0	1	0	0	
62537	1224636		0	0	0	0	0	1	0	0	
62537	1224636		0	0	0	0	0	1	0	0	
62537	1224636		0	0	0	0	0	1	0	0	
61133	1224648		0	0	0	0	0	1	0	0	
44288	1224656		0	0	0	0	0	1	0	0	
44288	1224656		0	0	0	0	0	1	0	0	
44288	1224656		0	0	0	0	0	1	0	0	
62327	1224663		0	0	0	0	0	1	0	0	
62327	1224663		0	0	0	0	0	1	0	0	
60815	1220522		0	0	0	0	0	1	0	0	
60815	1220522		0	0	0	0	0	1	0	0	
60815	1220522		0	0	0	0	0	1	0	0	
56324	1224673		0	0	0	0	0	1	0	0	
56324	1224673		0	0	0	0	0	1	0	0	
61973	1224686		0	0	0	0	1	0	0	0	
49044	1224698		0	0	0	0	0	1	0	0	
49044	1224698		0	0	0	0	0	1	0	0	
49044	1224698		0	0	0	0	0	1	0	0	
49044	1224698		0	0	0	0	0	1	0	0	
44057	1220197		0	0	0	0	0	1	0	0	
44057	1220197		0	0	0	0	0	1	0	0	
44057	1220197		0	0	0	0	0	1	0	0	
56312	1220202		0	0	0	0	0	1	0	0	
56312	1220202		0	0	0	0	0	1	0	0	
56312	1220202		0	0	0	0	0	1	0	0	
54297	1224725		0	0	0	1	0	0	0	0	
50442	1220303		0	0	0	0	0	1	0	0	
50442	1220303		0	0	0	0	0	1	0	0	
50442	1220303		0	0	0	0	0	1	0	0	
60661	1224743		0	0	0	0	0	1	0	0	
60712	1225152		0	0	0	0	0	1	0	0	
60712	1225152		0	0	0	0	0	1	0	0	
60712	1225152		0	0	0	0	0	1	0	0	
49058	1225167		0	0	0	0	0	1	0	0	
52191	1225173		0	0	0	0	0	1	0	0	
60753	1225178		0	0	0	0	0	1	0	0	
60753	1225178		0	0	0	0	0	1	0	0	
59232	1225183		0	0	0	0	0	1	0	0	
59232	1225183		0	0	0	0	0	1	0	0	
60481	1225189		0	0	0	0	0	1	0	0	
51034	1220308		0	0	0	0	0	1	0	0	
51034	1220308		0	0	0	0	0	1	0	0	
51034	1220308		0	0	0	0	0	1	0	0	
51034	1220308		0	0	0	0	0	1	0	0	
57008	1225195		0	0	0	1	0	0	0	0	
57008	1225195		0	0	0	1	0	0	0	0	
61371	1225200		0	0	0	0	0	1	0	0	
61371	1225200		0	0	0	0	0	1	0	0	
61371	1225200		0	0	0	0	0	1	0	0	
57659	1220312		0	0	0	0	0	1	0	0	
57659	1220312		0	0	0	0	0	1	0	0	
62438	1225205		0	0	0	1	0	0	0	0	
62438	1225205		0	0	0	1	0	0	0	0	
51817	1229262		0	0	0	1	0	0	0	0	
51817	1229262		0	0	0	1	0	0	0	0	
51817	1229262		0	0	0	1	0	0	0	0	
61310	1220329		0	0	0	0	0	1	0	0	
61310	1220329		0	0	0	0	0	1	0	0	
61310	1220329		0	0	0	0	0	1	0	0	
61310	1220329		0	0	0	0	0	1	0	0	
46500	1225213		0	0	0	0	0	1	0	0	
59170	1225219		0	0	0	0	0	1	0	0	
57411	1220339		0	0	0	0	0	1	0	0	
57411	1220339		0	0	0	0	0	1	0	0	
58612	1225226		0	0	0	0	0	1	0	0	
60244	1225237		0	0	0	1	0	0	0	0	
59171	1225242		0	0	0	0	0	1	0	0	
58446	1220350		0	0	0	0	0	1	0	0	
58502	1225246		0	0	0	0	0	1	0	0	
62178	1225252		0	0	0	0	0	1	0	0	
62178	1225252		0	0	0	0	0	1	0	0	
62178	1225252		0	0	0	0	0	1	0	0	
43712	1225261		0	0	0	0	1	0	0	0	
54777	1220363		0	0	0	0	0	1	0	0	
54777	1220363		0	0	0	0	0	1	0	0	
56922	1225265		0	0	0	0	0	1	0	0	
56922	1225265		0	0	0	0	0	1	0	0	
56922	1225265		0	0	0	0	0	1	0	0	
58901	1225272		0	0	0	1	0	0	0	0	
58901	1225272		0	0	0	1	0	0	0	0	
55612	1225280		0	0	0	0	0	1	0	0	
49495	1220373		0	0	0	0	0	1	0	0	
49495	1220373		0	0	0	0	0	1	0	0	
49495	1220373		0	0	0	0	0	1	0	0	
56557	1220393		0	0	0	1	0	0	0	0	
56557	1220393		0	0	0	1	0	0	0	0	
56557	1220393		0	0	0	1	0	0	0	0	
52579	1225352		0	0	0	0	0	1	0	0	
52579	1225352		0	0	0	0	0	1	0	0	
52579	1225352		0	0	0	0	0	1	0	0	
57675	1220402		0	0	0	0	0	1	0	0	
59439	1220409		0	0	0	0	0	1	0	0	
59439	1220409		0	0	0	0	0	1	0	0	
57190	1220420		0	0	0	0	0	1	0	0	
57190	1220420		0	0	0	0	0	1	0	0	
56761	1220428		0	0	0	0	0	1	0	0	
59425	1220435		0	0	0	0	0	1	0	0	
59425	1220435		0	0	0	0	0	1	0	0	
59425	1220435		0	0	0	0	0	1	0	0	
47849	1220445		0	0	0	1	0	0	0	0	
47849	1220445		0	0	0	1	0	0	0	0	
57499	1220462		0	0	0	0	0	1	0	0	
57499	1220462		0	0	0	0	0	1	0	0	
57499	1220462		0	0	0	0	0	1	0	0	
52969	1225331		0	0	0	0	0	1	0	0	
46321	1220469		0	0	0	0	0	1	0	0	
46321	1220469		0	0	0	0	0	1	0	0	
53580	1225368		0	0	0	0	0	1	0	0	
43797	1225374		0	0	0	0	0	1	0	0	
43797	1225374		0	0	0	0	0	1	0	0	
53948	1220484		0	0	0	1	0	0	0	0	
53948	1220484		0	0	0	1	0	0	0	0	
53948	1220484		0	0	0	1	0	0	0	0	
59447	1220495		0	0	0	0	0	1	0	0	
59447	1220495		0	0	0	0	0	1	0	0	
59447	1220495		0	0	0	0	0	1	0	0	
59447	1220495		0	0	0	0	0	1	0	0	
47170	1220500		0	0	0	0	0	1	0	0	
47170	1220500		0	0	0	0	0	1	0	0	
47170	1220500		0	0	0	0	0	1	0	0	
60596	1220510		0	0	0	1	0	0	0	0	
60596	1220510		0	0	0	1	0	0	0	0	
60596	1220510		0	0	0	1	0	0	0	0	
61906	1220724		0	0	0	0	0	1	0	0	
61906	1220724		0	0	0	0	0	1	0	0	
61906	1220724		0	0	0	0	0	1	0	0	
59408	1220730		0	0	0	0	0	1	0	0	
61654	1220737		0	0	0	0	0	1	0	0	
61654	1220737		0	0	0	0	0	1	0	0	
61654	1220737		0	0	0	0	0	1	0	0	
61654	1220737		0	0	0	0	0	1	0	0	
61654	1220737		0	0	0	0	0	1	0	0	
61024	1220744		0	0	0	0	0	1	0	0	
61986	1220749		0	0	0	0	0	1	0	0	
61986	1220749		0	0	0	0	0	1	0	0	
61986	1220749		0	0	0	0	0	1	0	0	
61986	1220749		0	0	0	0	0	1	0	0	
61986	1220749		0	0	0	0	0	1	0	0	
60283	1220755		0	0	0	0	1	0	0	0	
53817	1220760		0	0	0	0	0	1	0	0	
60141	1220766		0	0	0	0	0	1	0	0	
60141	1220766		0	0	0	0	0	1	0	0	
60141	1220766		0	0	0	0	0	1	0	0	
59776	1220770		0	0	0	0	0	1	0	0	
59776	1220770		0	0	0	0	0	1	0	0	
56132	1220777		0	0	0	0	0	1	0	0	
56132	1220777		0	0	0	0	0	1	0	0	
56132	1220777		0	0	0	0	0	1	0	0	
56132	1220777		0	0	0	0	0	1	0	0	
47508	1229238		0	0	0	1	0	0	0	0	
47508	1229238		0	0	0	1	0	0	0	0	
47508	1229238		0	0	0	1	0	0	0	0	
47508	1229238		0	0	0	1	0	0	0	0	
47508	1229238		0	0	0	1	0	0	0	0	
47508	1229238		0	0	0	1	0	0	0	0	
47508	1229238		0	0	0	1	0	0	0	0	
50896	1220790		0	0	0	0	0	1	0	0	
50896	1220790		0	0	0	0	0	1	0	0	
50896	1220790		0	0	0	0	0	1	0	0	
55977	1220796		0	0	0	0	0	1	0	0	
55977	1220796		0	0	0	0	0	1	0	0	
55977	1220796		0	0	0	0	0	1	0	0	
60853	1220802		0	0	0	0	0	1	0	0	
54208	1220807		0	0	0	0	0	1	0	0	
54208	1220807		0	0	0	0	0	1	0	0	
54208	1220807		0	0	0	0	0	1	0	0	
60692	1220812		0	0	0	0	0	1	0	0	
60692	1220812		0	0	0	0	0	1	0	0	
51828	1220817		0	0	0	0	0	1	0	0	
51828	1220817		0	0	0	0	0	1	0	0	
51828	1220817		0	0	0	0	0	1	0	0	
51828	1220817		0	0	0	0	0	1	0	0	
45928	1220823		0	0	0	0	0	1	0	0	
45928	1220823		0	0	0	0	0	1	0	0	
45928	1220823		0	0	0	0	0	1	0	0	
61388	1220872		0	0	0	0	0	1	0	0	
61388	1220872		0	0	0	0	0	1	0	0	
52808	1220883		0	0	0	0	0	1	0	0	
52808	1220883		0	0	0	0	0	1	0	0	
55223	1220897		0	0	0	0	0	1	0	0	
55223	1220897		0	0	0	0	0	1	0	0	
55223	1220897		0	0	0	0	0	1	0	0	
58720	1220923		0	0	0	0	0	1	0	0	
58720	1220923		0	0	0	0	0	1	0	0	
51420	1225409		0	0	0	1	0	0	0	0	
52342	1220938		0	0	0	0	0	1	0	0	
52342	1220938		0	0	0	0	0	1	0	0	
52342	1220938		0	0	0	0	0	1	0	0	
56362	1220954		0	0	0	1	0	0	0	0	
56362	1220954		0	0	0	1	0	0	0	0	
56362	1220954		0	0	0	1	0	0	0	0	
60299	1220969		0	0	0	0	0	1	0	0	
60299	1220969		0	0	0	0	0	1	0	0	
59865	1220979		0	0	0	0	0	1	0	0	
56905	1220988		0	0	0	0	0	1	0	0	
56905	1220988		0	0	0	0	0	1	0	0	
56905	1220988		0	0	0	0	0	1	0	0	
56905	1220988		0	0	0	0	0	1	0	0	
56905	1220988		0	0	0	0	0	1	0	0	
56905	1220988		0	0	0	0	0	1	0	0	
47746	1225425		0	0	0	0	0	1	0	0	
54452	1221001		0	0	0	0	0	1	0	0	
58703	1221009		0	0	0	0	0	1	0	0	
59330	1229223		0	0	0	0	0	1	0	0	
57801	1221016		0	0	0	0	0	1	0	0	
57801	1221016		0	0	0	0	0	1	0	0	
57801	1221016		0	0	0	0	0	1	0	0	
61774	1221023		0	0	0	0	0	1	0	0	
61774	1221023		0	0	0	0	0	1	0	0	
61774	1221023		0	0	0	0	0	1	0	0	
61774	1221023		0	0	0	0	0	1	0	0	
56024	1221030		0	0	0	0	0	1	0	0	
56024	1221030		0	0	0	0	0	1	0	0	
56024	1221030		0	0	0	0	0	1	0	0	
61280	1221041		0	0	0	0	0	1	0	0	
61440	1221049		0	0	0	0	0	1	0	0	
54047	1221062		0	0	0	0	0	1	0	0	
54047	1221062		0	0	0	0	0	1	0	0	
54047	1221062		0	0	0	0	0	1	0	0	
55143	1221074		0	0	0	0	0	1	0	0	
58691	1221088		0	0	0	0	0	1	0	0	
58691	1221088		0	0	0	0	0	1	0	0	
51718	1221094		0	0	0	0	0	1	0	0	
51718	1221094		0	0	0	0	0	1	0	0	
51718	1221094		0	0	0	0	0	1	0	0	
51718	1221094		0	0	0	0	0	1	0	0	
53099	1229010		0	0	0	0	0	1	0	0	
53099	1229010		0	0	0	0	0	1	0	0	
53099	1229010		0	0	0	0	0	1	0	0	
51779	1221102		0	0	0	0	0	1	0	0	
60446	1221109		0	0	0	0	1	0	0	0	
60766	1229003		0	0	0	1	0	0	0	0	
60766	1229003		0	0	0	1	0	0	0	0	
60766	1229003		0	0	0	1	0	0	0	0	
40985	1228996		0	0	0	0	0	1	0	0	
40985	1228996		0	0	0	0	0	1	0	0	
40985	1228996		0	0	0	0	0	1	0	0	
49921	1221115		0	0	0	0	0	1	0	0	
49921	1221115		0	0	0	0	0	1	0	0	
49921	1221115		0	0	0	0	0	1	0	0	
55986	1221121		0	0	0	0	0	1	0	0	
55986	1221121		0	0	0	0	0	1	0	0	
53447	1221131		0	0	0	0	0	1	0	0	
53447	1221131		0	0	0	0	0	1	0	0	
53447	1221131		0	0	0	0	0	1	0	0	
56016	1221136		0	0	0	0	0	1	0	0	
56016	1221136		0	0	0	0	0	1	0	0	
56016	1221136		0	0	0	0	0	1	0	0	
56016	1221136		0	0	0	0	0	1	0	0	
56016	1221136		0	0	0	0	0	1	0	0	
51662	1229130		0	0	0	0	0	1	0	0	
51662	1229130		0	0	0	0	0	1	0	0	
51662	1229130		0	0	0	0	0	1	0	0	
57756	1221140		0	0	0	0	0	1	0	0	
57261	1221148		0	0	0	0	0	1	0	0	
57261	1221148		0	0	0	0	0	1	0	0	
53295	1221154		0	0	0	0	0	1	0	0	
53295	1221154		0	0	0	0	0	1	0	0	
61958	1229120		0	0	0	0	0	1	0	0	
51706	1221159		0	0	0	0	0	1	0	0	
51706	1221159		0	0	0	0	0	1	0	0	
51706	1221159		0	0	0	0	0	1	0	0	
51706	1221159		0	0	0	0	0	1	0	0	
44032	1229115		0	0	0	0	0	1	0	0	
54904	1221278		0	0	0	0	0	1	0	0	
51607	1229110		0	0	0	0	0	1	0	0	
42462	1221282		0	0	0	0	0	1	0	0	
42462	1221282		0	0	0	0	0	1	0	0	
42462	1221282		0	0	0	0	0	1	0	0	
57814	1221287		0	0	0	0	0	1	0	0	
57814	1221287		0	0	0	0	0	1	0	0	
57814	1221287		0	0	0	0	0	1	0	0	
54211	1229103		0	0	0	0	0	1	0	0	
54211	1229103		0	0	0	0	0	1	0	0	
59386	1224915		0	0	0	0	0	1	0	0	
43732	1221297		0	0	0	0	0	1	0	0	
43732	1221297		0	0	0	0	0	1	0	0	
46451	1221304		0	0	0	0	0	1	0	0	
46451	1221304		0	0	0	0	0	1	0	0	
46451	1221304		0	0	0	0	0	1	0	0	
46451	1221304		0	0	0	0	0	1	0	0	
52418	1225337		0	0	0	0	0	1	0	0	
51369	1229305		0	0	0	0	0	1	0	0	
51369	1229305		0	0	0	0	0	1	0	0	
44033	1229301		0	0	0	0	0	1	0	0	
44033	1229301		0	0	0	0	0	1	0	0	
44033	1229301		0	0	0	0	0	1	0	0	
61615	1229299		0	0	0	0	0	1	0	0	
61615	1229299		0	0	0	0	0	1	0	0	
61615	1229299		0	0	0	0	0	1	0	0	
56015	1221313		0	0	0	0	0	1	0	0	
56015	1221313		0	0	0	0	0	1	0	0	
56015	1221313		0	0	0	0	0	1	0	0	
56015	1221313		0	0	0	0	0	1	0	0	
46559	1221318		0	0	0	0	0	1	0	0	
46559	1221318		0	0	0	0	0	1	0	0	
53137	1221324		0	0	0	0	0	1	0	0	
53137	1221324		0	0	0	0	0	1	0	0	
56178	1225344		0	0	0	0	0	1	0	0	
56178	1225344		0	0	0	0	0	1	0	0	
46477	1221329		0	0	0	0	0	1	0	0	
46477	1221329		0	0	0	0	0	1	0	0	
46477	1221329		0	0	0	0	0	1	0	0	
54102	1221335		0	0	0	0	0	1	0	0	
54102	1221335		0	0	0	0	0	1	0	0	
54102	1221335		0	0	0	0	0	1	0	0	
55502	1221341		0	0	0	0	0	1	0	0	
55502	1221341		0	0	0	0	0	1	0	0	
55502	1221341		0	0	0	0	0	1	0	0	
60731	1221346		0	0	0	0	0	1	0	0	
59954	1221352		0	0	0	1	0	0	0	0	
59954	1221352		0	0	0	1	0	0	0	0	
59954	1221352		0	0	0	1	0	0	0	0	
60715	1221357		0	0	0	0	0	1	0	0	
51277	1229160		0	0	0	0	0	1	0	0	
51277	1229160		0	0	0	0	0	1	0	0	
51277	1229160		0	0	0	0	0	1	0	0	
52230	1229155		0	0	0	0	0	1	0	0	
52230	1229155		0	0	0	0	0	1	0	0	
59975	1221369		0	0	0	0	0	1	0	0	
59975	1221369		0	0	0	0	0	1	0	0	
59975	1221369		0	0	0	0	0	1	0	0	
59975	1221369		0	0	0	0	0	1	0	0	
59426	1221373		0	0	0	0	0	1	0	0	
59426	1221373		0	0	0	0	0	1	0	0	
50555	1221380		0	0	0	0	0	1	0	0	
50555	1221380		0	0	0	0	0	1	0	0	
50555	1221380		0	0	0	0	0	1	0	0	
55105	1221386		0	0	0	0	0	1	0	0	
55105	1221386		0	0	0	0	0	1	0	0	
55105	1221386		0	0	0	0	0	1	0	0	
55105	1221386		0	0	0	0	0	1	0	0	
61514	1229145		0	0	0	0	0	1	0	0	
61514	1229145		0	0	0	0	0	1	0	0	
52336	1229136		0	0	0	0	0	1	0	0	
52336	1229136		0	0	0	0	0	1	0	0	
52336	1229136		0	0	0	0	0	1	0	0	
48253	1221393		0	0	0	0	0	1	0	0	
48253	1221393		0	0	0	0	0	1	0	0	
52837	1221398		0	0	0	0	0	1	0	0	
52837	1221398		0	0	0	0	0	1	0	0	
52837	1221398		0	0	0	0	0	1	0	0	
52837	1221398		0	0	0	0	0	1	0	0	
60644	1221407		0	0	0	0	0	1	0	0	
60644	1221407		0	0	0	0	0	1	0	0	
59696	1221414		0	0	0	0	0	1	0	0	
59696	1221414		0	0	0	0	0	1	0	0	
57225	1221422		0	0	0	0	0	1	0	0	
57225	1221422		0	0	0	0	0	1	0	0	
46982	1221431		0	0	0	0	0	1	0	0	
46982	1221431		0	0	0	0	0	1	0	0	
46982	1221431		0	0	0	0	0	1	0	0	
46982	1221431		0	0	0	0	0	1	0	0	
54199	1229274		0	0	0	0	0	1	0	0	
54199	1229274		0	0	0	0	0	1	0	0	
54199	1229274		0	0	0	0	0	1	0	0	
54199	1229274		0	0	0	0	0	1	0	0	
61473	1221438		0	0	0	0	0	1	0	0	
61107	1221444		0	0	0	0	0	1	0	0	
61682	1221452		0	0	0	0	0	1	0	0	
50228	1221467		0	0	0	0	0	1	0	0	
50228	1221467		0	0	0	0	0	1	0	0	
50228	1221467		0	0	0	0	0	1	0	0	
61306	1221480		0	0	0	0	0	1	0	0	
61306	1221480		0	0	0	0	0	1	0	0	
61306	1221480		0	0	0	0	0	1	0	0	
52071	1221493		0	0	0	0	0	1	0	0	
52071	1221493		0	0	0	0	0	1	0	0	
52071	1221493		0	0	0	0	0	1	0	0	
52071	1221493		0	0	0	0	0	1	0	0	
52071	1221493		0	0	0	0	0	1	0	0	
58369	1221510		0	0	0	0	0	1	0	0	
58369	1221510		0	0	0	0	0	1	0	0	
58369	1221510		0	0	0	0	0	1	0	0	
50484	1221526		0	0	0	0	0	1	0	0	
50484	1221526		0	0	0	0	0	1	0	0	
50484	1221526		0	0	0	0	0	1	0	0	
61029	1228959		0	0	0	0	0	1	0	0	
61892	1221537		0	0	0	0	0	1	0	0	
61892	1221537		0	0	0	0	0	1	0	0	
57491	1221546		0	0	0	0	0	1	0	0	
57491	1221546		0	0	0	0	0	1	0	0	
57491	1221546		0	0	0	0	0	1	0	0	
61731	1221561		0	0	0	0	0	1	0	0	
61731	1221561		0	0	0	0	0	1	0	0	
62010	1221571		0	0	0	0	0	1	0	0	
62010	1221571		0	0	0	0	0	1	0	0	
56179	1221578		0	0	0	0	0	1	0	0	
52381	1221584		0	0	0	0	0	1	0	0	
52381	1221584		0	0	0	0	0	1	0	0	
48380	1221590		0	0	0	0	0	1	0	0	
48380	1221590		0	0	0	0	0	1	0	0	
48380	1221590		0	0	0	0	0	1	0	0	
58150	1221602		0	0	0	0	0	1	0	0	
58150	1221602		0	0	0	0	0	1	0	0	
47068	1221615		0	0	0	0	0	1	0	0	
47068	1221615		0	0	0	0	0	1	0	0	
45747	1228926		0	0	0	1	0	0	0	0	
45747	1228926		0	0	0	1	0	0	0	0	
56413	1228909		0	0	0	0	0	1	0	0	
56413	1228909		0	0	0	0	0	1	0	0	
60565	1221626		0	0	0	1	0	0	0	0	
60565	1221626		0	0	0	1	0	0	0	0	
58738	1221640		0	0	0	0	0	1	0	0	
61968	1221646		0	0	0	0	0	1	0	0	
61968	1221646		0	0	0	0	0	1	0	0	
61968	1221646		0	0	0	0	0	1	0	0	
61968	1221646		0	0	0	0	0	1	0	0	
49927	1228894		0	0	0	0	0	1	0	0	
36962	1221654		0	0	0	0	0	1	0	0	
36962	1221654		0	0	0	0	0	1	0	0	
36962	1221654		0	0	0	0	0	1	0	0	
36962	1221654		0	0	0	0	0	1	0	0	
36962	1221654		0	0	0	0	0	1	0	0	
36962	1221654		0	0	0	0	0	1	0	0	
58370	1225001		0	0	0	0	0	1	0	0	
58370	1225001		0	0	0	0	0	1	0	0	
58370	1225001		0	0	0	0	0	1	0	0	
49803	1228885		0	0	0	0	0	1	0	0	
61715	1228876		0	0	0	0	0	1	0	0	
61715	1228876		0	0	0	0	0	1	0	0	
51269	1228866		0	0	0	0	0	1	0	0	
52216	1228858		0	0	0	0	0	1	0	0	
52068	1228226		0	0	0	0	0	1	0	0	
52068	1228226		0	0	0	0	0	1	0	0	
52068	1228226		0	0	0	0	0	1	0	0	
52068	1228226		0	0	0	0	0	1	0	0	
58051	1225286		0	0	0	1	0	0	0	0	
58051	1225286		0	0	0	1	0	0	0	0	
60470	1228837		0	0	0	0	0	1	0	0	
52859	1228816		0	0	0	0	0	1	0	0	
56871	1228810		0	0	0	1	0	0	0	0	
56871	1228810		0	0	0	1	0	0	0	0	
56871	1228810		0	0	0	1	0	0	0	0	
61624	1228805		0	0	0	0	0	1	0	0	
61624	1228805		0	0	0	0	0	1	0	0	
61624	1228805		0	0	0	0	0	1	0	0	
61624	1228805		0	0	0	0	0	1	0	0	
45752	1228216		0	0	0	0	0	1	0	0	
45752	1228216		0	0	0	0	0	1	0	0	
47800	1228797		0	0	0	0	0	1	0	0	
47800	1228797		0	0	0	0	0	1	0	0	
47800	1228797		0	0	0	0	0	1	0	0	
60285	1225291		0	0	0	0	0	1	0	0	
56014	1228790		0	0	0	0	0	1	0	0	
61152	1225306		0	0	0	1	0	0	0	0	
61152	1225306		0	0	0	1	0	0	0	0	
61152	1225306		0	0	0	1	0	0	0	0	
60873	1225297		0	0	0	0	0	1	0	0	
60873	1225297		0	0	0	0	0	1	0	0	
47161	1228782		0	0	0	0	0	1	0	0	
47161	1228782		0	0	0	0	0	1	0	0	
47161	1228782		0	0	0	0	0	1	0	0	
49870	1228774		0	0	0	0	0	1	0	0	
49870	1228774		0	0	0	0	0	1	0	0	
49870	1228774		0	0	0	0	0	1	0	0	
49870	1228774		0	0	0	0	0	1	0	0	
60275	1228724		0	0	0	0	0	1	0	0	
60746	1228708		0	0	0	0	0	1	0	0	
60746	1228708		0	0	0	0	0	1	0	0	
61765	1228698		0	0	0	0	0	1	0	0	
61765	1228698		0	0	0	0	0	1	0	0	
62128	1228690		0	0	0	0	0	1	0	0	
47377	1228679		0	0	0	0	0	1	0	0	
47377	1228679		0	0	0	0	0	1	0	0	
47377	1228679		0	0	0	0	0	1	0	0	
47377	1228679		0	0	0	0	0	1	0	0	
42782	1228663		0	0	0	1	0	0	0	0	
42782	1228663		0	0	0	1	0	0	0	0	
53063	1228651		0	0	0	0	0	1	0	0	
53063	1228651		0	0	0	0	0	1	0	0	
53063	1228651		0	0	0	0	0	1	0	0	
53063	1228651		0	0	0	0	0	1	0	0	
53063	1228651		0	0	0	0	0	1	0	0	
60888	1228641		0	0	0	0	0	1	0	0	
61582	1225310		0	0	0	0	0	1	0	0	
61582	1225310		0	0	0	0	0	1	0	0	
61582	1225310		0	0	0	0	0	1	0	0	
42946	1228634		0	0	0	0	0	1	0	0	
42946	1228634		0	0	0	0	0	1	0	0	
42946	1228634		0	0	0	0	0	1	0	0	
42946	1228634		0	0	0	0	0	1	0	0	
55132	1225315		0	0	0	0	0	1	0	0	
55132	1225315		0	0	0	0	0	1	0	0	
55132	1225315		0	0	0	0	0	1	0	0	
51470	1225320		0	0	0	0	0	1	0	0	
51470	1225320		0	0	0	0	0	1	0	0	
51470	1225320		0	0	0	0	0	1	0	0	
59674	1228624		0	0	0	0	0	1	0	0	
59674	1228624		0	0	0	0	0	1	0	0	
60929	1228416		0	0	0	0	0	1	0	0	
60929	1228416		0	0	0	0	0	1	0	0	
57217	1228406		0	0	0	0	0	1	0	0	
49233	1228381		0	0	0	0	0	1	0	0	
49233	1228381		0	0	0	0	0	1	0	0	
49233	1228381		0	0	0	0	0	1	0	0	
53301	1228375		0	0	0	0	0	1	0	0	
53301	1228375		0	0	0	0	0	1	0	0	
53301	1228375		0	0	0	0	0	1	0	0	
61415	1228352		0	0	0	0	0	1	0	0	
61415	1228352		0	0	0	0	0	1	0	0	
61415	1228352		0	0	0	0	0	1	0	0	
54174	1228335		0	0	0	1	0	0	0	0	
54174	1228335		0	0	0	1	0	0	0	0	
53437	1228319		0	0	0	0	0	1	0	0	
53437	1228319		0	0	0	0	0	1	0	0	
51739	1228312		0	0	0	1	0	0	0	0	
62073	1228304		0	0	0	0	0	1	0	0	
62073	1228304		0	0	0	0	0	1	0	0	
62073	1228304		0	0	0	0	0	1	0	0	
62075	1228293		0	0	0	0	0	1	0	0	
62075	1228293		0	0	0	0	0	1	0	0	
61656	1228289		0	0	0	0	0	1	0	0	
61656	1228289		0	0	0	0	0	1	0	0	
61656	1228289		0	0	0	0	0	1	0	0	
61656	1228289		0	0	0	0	0	1	0	0	
60612	1228281		0	0	0	0	0	1	0	0	
60612	1228281		0	0	0	0	0	1	0	0	
52641	1228273		0	0	0	0	0	1	0	0	
52641	1228273		0	0	0	0	0	1	0	0	
58934	1226092		0	0	0	0	0	1	0	0	
58934	1226092		0	0	0	0	0	1	0	0	
60911	1228248		0	0	0	0	0	1	0	0	
59751	1228236		0	0	0	1	0	0	0	0	
59751	1228236		0	0	0	1	0	0	0	0	
56680	1228205		0	0	0	0	0	1	0	0	
56680	1228205		0	0	0	0	0	1	0	0	
56680	1228205		0	0	0	0	0	1	0	0	
60140	1228201		0	0	0	0	0	1	0	0	
60140	1228201		0	0	0	0	0	1	0	0	
57082	1228192		0	0	0	0	0	1	0	0	
59659	1228187		0	0	0	0	0	1	0	0	
59659	1228187		0	0	0	0	0	1	0	0	
59659	1228187		0	0	0	0	0	1	0	0	
55906	1226226		0	0	0	0	0	1	0	0	
55906	1226226		0	0	0	0	0	1	0	0	
55906	1226226		0	0	0	0	0	1	0	0	
55906	1226226		0	0	0	0	0	1	0	0	
55906	1226226		0	0	0	0	0	1	0	0	
60388	1226216		0	0	0	0	0	1	0	0	
46485	1226203		0	0	0	0	0	1	0	0	
61753	1226195		0	0	0	1	0	0	0	0	
61826	1226187		0	0	0	0	0	1	0	0	
61826	1226187		0	0	0	0	0	1	0	0	
56259	1226179		0	0	0	0	0	1	0	0	
56259	1226179		0	0	0	0	0	1	0	0	
56259	1226179		0	0	0	0	0	1	0	0	
54737	1226087		0	0	0	0	0	1	0	0	
54737	1226087		0	0	0	0	0	1	0	0	
61085	1226171		0	0	0	0	0	1	0	0	
55896	1226162		0	0	0	0	0	1	0	0	
59051	1226157		0	0	0	0	0	1	0	0	
59051	1226157		0	0	0	0	0	1	0	0	
59051	1226157		0	0	0	0	0	1	0	0	
59051	1226157		0	0	0	0	0	1	0	0	
40287	1226148		0	0	0	1	0	0	0	0	
53865	1226138		0	0	0	0	0	1	0	0	
53865	1226138		0	0	0	0	0	1	0	0	
53865	1226138		0	0	0	0	0	1	0	0	
53865	1226138		0	0	0	0	0	1	0	0	
61217	1226128		0	0	0	0	0	1	0	0	
61123	1226115		0	0	0	0	0	1	0	0	
53824	1226104		0	0	0	0	0	1	0	0	
53824	1226104		0	0	0	0	0	1	0	0	
53824	1226104		0	0	0	0	0	1	0	0	
53824	1226104		0	0	0	0	0	1	0	0	
62489	1226097		0	0	0	0	0	1	0	0	
62489	1226097		0	0	0	0	0	1	0	0	
61127	1226077		0	0	0	0	0	1	0	0	
61141	1226071		0	0	0	0	0	1	0	0	
60795	1226066		0	0	0	0	0	1	0	0	
60795	1226066		0	0	0	0	0	1	0	0	
60795	1226066		0	0	0	0	0	1	0	0	
62108	1226061		0	0	0	1	0	0	0	0	
44725	1226055		0	0	0	0	0	1	0	0	
44725	1226055		0	0	0	0	0	1	0	0	
44725	1226055		0	0	0	0	0	1	0	0	
44725	1226055		0	0	0	0	0	1	0	0	
44725	1226055		0	0	0	0	0	1	0	0	
59735	1226050		0	0	0	0	0	1	0	0	
59735	1226050		0	0	0	0	0	1	0	0	
59735	1226050		0	0	0	0	0	1	0	0	
62297	1226045		0	0	0	1	0	0	0	0	
58994	1226040		0	0	0	0	0	1	0	0	
58994	1226040		0	0	0	0	0	1	0	0	
60000	1225888		0	0	0	0	0	1	0	0	
58630	1225875		0	0	0	0	0	1	0	0	
58630	1225875		0	0	0	0	0	1	0	0	
58630	1225875		0	0	0	0	0	1	0	0	
58630	1225875		0	0	0	0	0	1	0	0	
53784	1225866		0	0	0	1	0	0	0	0	
53784	1225866		0	0	0	1	0	0	0	0	
53784	1225866		0	0	0	1	0	0	0	0	
59467	1225791		0	0	0	0	0	1	0	0	
52913	1225774		0	0	0	0	0	1	0	0	
54077	1225838		0	0	0	0	0	1	0	0	
54077	1225838		0	0	0	0	0	1	0	0	
59292	1225830		0	0	0	0	0	1	0	0	
58371	1225765		0	0	0	0	0	1	0	0	
58371	1225765		0	0	0	0	0	1	0	0	
41868	1225757		0	0	0	0	0	1	0	0	
61383	1225818		0	0	0	0	0	1	0	0	
61384	1225804		0	0	0	0	0	1	0	0	
61384	1225804		0	0	0	0	0	1	0	0	
61384	1225804		0	0	0	0	0	1	0	0	
47763	1225738		0	0	0	0	0	1	0	0	
47763	1225738		0	0	0	0	0	1	0	0	
47763	1225738		0	0	0	0	0	1	0	0	
61296	1225702		0	0	0	0	0	1	0	0	
61296	1225702		0	0	0	0	0	1	0	0	
60807	1225689		0	0	0	0	0	1	0	0	
60807	1225689		0	0	0	0	0	1	0	0	
60892	1225673		0	0	0	0	0	1	0	0	
60892	1225673		0	0	0	0	0	1	0	0	
60892	1225673		0	0	0	0	0	1	0	0	
60892	1225673		0	0	0	0	0	1	0	0	
59382	1225652		0	0	0	1	0	0	0	0	
57827	1225751		0	0	0	0	0	1	0	0	
58089	1225750		0	0	0	0	0	1	0	0	
60694	1225788		0	0	0	0	0	1	0	0	
61571	1226295		0	0	0	0	0	1	0	0	
61571	1226295		0	0	0	0	0	1	0	0	
45972	1226334		0	0	0	0	0	1	0	0	
45972	1226334		0	0	0	0	0	1	0	0	
45972	1226334		0	0	0	0	0	1	0	0	
43135	1226319		0	0	0	0	0	1	0	0	
61062	1226349		0	0	0	0	0	1	0	0	
42420	1220292		0	0	0	0	0	1	0	0	
42420	1220292		0	0	0	0	0	1	0	0	
56421	1220240		0	0	0	0	0	1	0	0	
56421	1220240		0	0	0	0	0	1	0	0	
56195	1220324		0	0	0	0	0	1	0	0	
56195	1220324		0	0	0	0	0	1	0	0	
56195	1220324		0	0	0	0	0	1	0	0	
56195	1220324		0	0	0	0	0	1	0	0	
59384	1220348		0	0	0	0	0	1	0	0	
61087	1220408		0	0	0	0	0	1	0	0	
61087	1220408		0	0	0	0	0	1	0	0	
49499	1220524		0	0	0	0	0	1	0	0	
49499	1220524		0	0	0	0	0	1	0	0	
36945	1220534		0	0	0	0	0	1	0	0	
36945	1220534		0	0	0	0	0	1	0	0	
59923	1220955		0	0	0	0	0	1	0	0	
55040	1221057		0	0	0	0	0	1	0	0	
55040	1221057		0	0	0	0	0	1	0	0	
55040	1221057		0	0	0	0	0	1	0	0	
58335	1221156		0	0	0	0	0	1	0	0	
57937	1221180		0	0	0	0	0	1	0	0	
57937	1221180		0	0	0	0	0	1	0	0	
57937	1221180		0	0	0	0	0	1	0	0	
55773	1221191		0	0	0	0	0	1	0	0	
55773	1221191		0	0	0	0	0	1	0	0	
60825	1221439		0	0	0	0	0	1	0	0	
60825	1221439		0	0	0	0	0	1	0	0	
60825	1221439		0	0	0	0	0	1	0	0	
58699	1221374		0	0	0	0	0	1	0	0	
58699	1221374		0	0	0	0	0	1	0	0	
52117	1221463		0	0	0	0	0	1	0	0	
52117	1221463		0	0	0	0	0	1	0	0	
52117	1221463		0	0	0	0	0	1	0	0	
51851	1221545		0	0	0	0	0	1	0	0	
51851	1221545		0	0	0	0	0	1	0	0	
51851	1221545		0	0	0	0	0	1	0	0	
51851	1221545		0	0	0	0	0	1	0	0	
60856	1221581		0	0	0	0	0	1	0	0	
54999	1221594		0	0	0	0	0	1	0	0	
54999	1221594		0	0	0	0	0	1	0	0	
54999	1221594		0	0	0	0	0	1	0	0	
54999	1221594		0	0	0	0	0	1	0	0	
60908	1221631		0	0	0	0	0	1	0	0	
55482	1228914		0	0	0	0	0	1	0	0	
55482	1228914		0	0	0	0	0	1	0	0	
55482	1228914		0	0	0	0	0	1	0	0	
55482	1228914		0	0	0	0	0	1	0	0	
59507	1228946		0	0	0	0	0	1	0	0	
59507	1228946		0	0	0	0	0	1	0	0	
1042			0	0	1	81	4	956	0	0	
