Sun Mar 22 12:12:07 2020
130 Documentation of Current Medications in the Medical Record - National Quality Strategy Domain: Patient Safety - Meaningful Measure Area: Medication Management from 01/01/2019 thru 12/31/2019 
ClientID	TrID	pcount	G8427	G8428	G8430	
55774	1224432		1	0	0	
55774	1224432		1	0	0	
55774	1224432		1	0	0	
44797	1224437		1	0	0	
44797	1224437		1	0	0	
44797	1224437		1	0	0	
44797	1224437		1	0	0	
61298	1224441		1	0	0	
61298	1224441		1	0	0	
61298	1224441		1	0	0	
61298	1224441		1	0	0	
60702	1219397		1	0	0	
60544	1224654		1	0	0	
60544	1224654		1	0	0	
58601	1219491		1	0	0	
58601	1219491		1	0	0	
58601	1219491		1	0	0	
62141	1224741		1	0	0	
62141	1224741		1	0	0	
60545	1224759		1	0	0	
60832	1224782		1	0	0	
60832	1224782		1	0	0	
58401	1224832		1	0	0	
62610	1224848		1	0	0	
61131	1228267		1	0	0	
61131	1228267		1	0	0	
61131	1228267		1	0	0	
60075	1228350		1	0	0	
60075	1228350		1	0	0	
60075	1228350		1	0	0	
39590	1228617		1	0	0	
39590	1228617		1	0	0	
39590	1228617		1	0	0	
50281	1219594		1	0	0	
50281	1219594		1	0	0	
57277	1219686		1	0	0	
57277	1219686		1	0	0	
57277	1219686		1	0	0	
61639	1228658		1	0	0	
61639	1228658		1	0	0	
61639	1228658		1	0	0	
60403	1219689		1	0	0	
60403	1219689		1	0	0	
60403	1219689		1	0	0	
60748	1228673		1	0	0	
60748	1228673		1	0	0	
60748	1228673		1	0	0	
60748	1228673		1	0	0	
60773	1228684		1	0	0	
60594	1228697		1	0	0	
60594	1228697		1	0	0	
58507	1228721		1	0	0	
58284	1228754		1	0	0	
58284	1228754		1	0	0	
58284	1228754		1	0	0	
50522	1229214		1	0	0	
50522	1229214		1	0	0	
50522	1229214		1	0	0	
61126	1229414		1	0	0	
61126	1229414		1	0	0	
61126	1229414		1	0	0	
61126	1229414		1	0	0	
61126	1229414		1	0	0	
48810	1229419		1	0	0	
48810	1229419		1	0	0	
59523	1229248		1	0	0	
59523	1229248		1	0	0	
59523	1229248		1	0	0	
60311	1229256		1	0	0	
53754	1229432		1	0	0	
60785	1229444		1	0	0	
60785	1229444		1	0	0	
48457	1229457		1	0	0	
61484	1229470		1	0	0	
61484	1229470		1	0	0	
61484	1229470		1	0	0	
61484	1229470		1	0	0	
48423	1229502		1	0	0	
48423	1229502		1	0	0	
48423	1229502		1	0	0	
59654	1229516		1	0	0	
59654	1229516		1	0	0	
53098	1229604		1	0	0	
53098	1229604		1	0	0	
53098	1229604		1	0	0	
53098	1229604		1	0	0	
50017	1219921		1	0	0	
50017	1219921		1	0	0	
51027	1224857		1	0	0	
51027	1224857		1	0	0	
51027	1224857		1	0	0	
51027	1224857		1	0	0	
51027	1224857		1	0	0	
50403	1224880		1	0	0	
50403	1224880		1	0	0	
56550	1224894		1	0	0	
56550	1224894		1	0	0	
45522	1224902		1	0	0	
45522	1224902		1	0	0	
45522	1224902		1	0	0	
45522	1224902		1	0	0	
45522	1224902		1	0	0	
59688	1224923		1	0	0	
59688	1224923		1	0	0	
61584	1224936		1	0	0	
61584	1224936		1	0	0	
61584	1224936		1	0	0	
61584	1224936		1	0	0	
52364	1224948		1	0	0	
52364	1224948		1	0	0	
52364	1224948		1	0	0	
52364	1224948		1	0	0	
52364	1224948		1	0	0	
39840	1224958		1	0	0	
39840	1224958		1	0	0	
61794	1224974		1	0	0	
58391	1225014		1	0	0	
58391	1225014		1	0	0	
58391	1225014		1	0	0	
56980	1225211		1	0	0	
57759	1225230		1	0	0	
57759	1225230		1	0	0	
57759	1225230		1	0	0	
46055	1225251		1	0	0	
46055	1225251		1	0	0	
46055	1225251		1	0	0	
46055	1225251		1	0	0	
58509	1225270		1	0	0	
48023	1225296		1	0	0	
48023	1225296		1	0	0	
48023	1225296		1	0	0	
57390	1225319		1	0	0	
57390	1225319		1	0	0	
57390	1225319		1	0	0	
58087	1225383		1	0	0	
58087	1225383		1	0	0	
58087	1225383		1	0	0	
60894	1225436		1	0	0	
57576	1225449		1	0	0	
57576	1225449		1	0	0	
61903	1225466		1	0	0	
61903	1225466		1	0	0	
61903	1225466		1	0	0	
58920	1225485		1	0	0	
58920	1225485		1	0	0	
58920	1225485		1	0	0	
57386	1225490		1	0	0	
61168	1225496		1	0	0	
43700	1225596		1	0	0	
43700	1225596		1	0	0	
43700	1225596		1	0	0	
43700	1225596		1	0	0	
40534	1225603		1	0	0	
51972	1225614		1	0	0	
58043	1225622		1	0	0	
61258	1225628		1	0	0	
58102	1225659		1	0	0	
58102	1225659		1	0	0	
58102	1225659		1	0	0	
61904	1225681		1	0	0	
61516	1225708		1	0	0	
61516	1225708		1	0	0	
61516	1225708		1	0	0	
58491	1225749		1	0	0	
58491	1225749		1	0	0	
51177	1225787		1	0	0	
51177	1225787		1	0	0	
46622	1225814		1	0	0	
46622	1225814		1	0	0	
46622	1225814		1	0	0	
46622	1225814		1	0	0	
46622	1225814		1	0	0	
46622	1225814		1	0	0	
46622	1225814		1	0	0	
46622	1225814		1	0	0	
53305	1225825		1	0	0	
53305	1225825		1	0	0	
53305	1225825		1	0	0	
53305	1225825		1	0	0	
53305	1225825		1	0	0	
53305	1225825		1	0	0	
60514	1225841		1	0	0	
60514	1225841		1	0	0	
57359	1225852		1	0	0	
57359	1225852		1	0	0	
60010	1225940		1	0	0	
51912	1226078		1	0	0	
51912	1226078		1	0	0	
51912	1226078		1	0	0	
49853	1226085		1	0	0	
49853	1226085		1	0	0	
49853	1226085		1	0	0	
50278	1226125		1	0	0	
50278	1226125		1	0	0	
50278	1226125		1	0	0	
56363	1226142		1	0	0	
56363	1226142		1	0	0	
56363	1226142		1	0	0	
49219	1226168		1	0	0	
49219	1226168		1	0	0	
60512	1226212		1	0	0	
60512	1226212		1	0	0	
60512	1226212		1	0	0	
60512	1226212		1	0	0	
59437	1226229		1	0	0	
59437	1226229		1	0	0	
53220	1226241		1	0	0	
53220	1226241		1	0	0	
60574	1226254		1	0	0	
60574	1226254		1	0	0	
55346	1226276		1	0	0	
55231	1226284		1	0	0	
55231	1226284		1	0	0	
55231	1226284		1	0	0	
48559	1226360		1	0	0	
48559	1226360		1	0	0	
48559	1226360		1	0	0	
48559	1226360		1	0	0	
59814	1221293		1	0	0	
59814	1221293		1	0	0	
59814	1221293		1	0	0	
60674	1226373		1	0	0	
60674	1226373		1	0	0	
58033	1226379		1	0	0	
58033	1226379		1	0	0	
60278	1226392		1	0	0	
60278	1226392		1	0	0	
51308	1227730		1	0	0	
43705	1227766		1	0	0	
51333	1227806		1	0	0	
51333	1227806		1	0	0	
51333	1227806		1	0	0	
51333	1227806		1	0	0	
51333	1227806		1	0	0	
46449	1227861		1	0	0	
46449	1227861		1	0	0	
46449	1227861		1	0	0	
46449	1227861		1	0	0	
46449	1227861		1	0	0	
46449	1227861		1	0	0	
46449	1227861		1	0	0	
56683	1227886		1	0	0	
56683	1227886		1	0	0	
56683	1227886		1	0	0	
39504	1227917		1	0	0	
55049	1227930		1	0	0	
55049	1227930		1	0	0	
55049	1227930		1	0	0	
55079	1227996		1	0	0	
60308	1228010		1	0	0	
60279	1228031		1	0	0	
60279	1228031		1	0	0	
60279	1228031		1	0	0	
49175	1228051		1	0	0	
49175	1228051		1	0	0	
49175	1228051		1	0	0	
56952	1228056		1	0	0	
56952	1228056		1	0	0	
58036	1228063		1	0	0	
58036	1228063		1	0	0	
49667	1228070		1	0	0	
49667	1228070		1	0	0	
49667	1228070		1	0	0	
57055	1228074		1	0	0	
57055	1228074		1	0	0	
57055	1228074		1	0	0	
56528	1228080		1	0	0	
56528	1228080		1	0	0	
56528	1228080		1	0	0	
60767	1228276		1	0	0	
60767	1228276		1	0	0	
60767	1228276		1	0	0	
60767	1228276		1	0	0	
60767	1228276		1	0	0	
60767	1228276		1	0	0	
52640	1228292		1	0	0	
61069	1228318		1	0	0	
61069	1228318		1	0	0	
59162	1228339		1	0	0	
51915	1228358		1	0	0	
51915	1228358		1	0	0	
60790	1228399		1	0	0	
51639	1228408		1	0	0	
51639	1228408		1	0	0	
49408	1228422		1	0	0	
56368	1228429		1	0	0	
56368	1228429		1	0	0	
51811	1228439		1	0	0	
51811	1228439		1	0	0	
51811	1228439		1	0	0	
51811	1228439		1	0	0	
45426	1228477		1	0	0	
45426	1228477		1	0	0	
45426	1228477		1	0	0	
45426	1228477		1	0	0	
45426	1228477		1	0	0	
58135	1228486		1	0	0	
53487	1228906		1	0	0	
53487	1228906		1	0	0	
56340	1228928		1	0	0	
56340	1228928		1	0	0	
59329	1228962		1	0	0	
59329	1228962		1	0	0	
59329	1228962		1	0	0	
42224	1228969		1	0	0	
42224	1228969		1	0	0	
42224	1228969		1	0	0	
45732	1228986		1	0	0	
45732	1228986		1	0	0	
56125	1229011		1	0	0	
56125	1229011		1	0	0	
56125	1229011		1	0	0	
40750	1229022		1	0	0	
40750	1229022		1	0	0	
40750	1229022		1	0	0	
47127	1229028		1	0	0	
47127	1229028		1	0	0	
47127	1229028		1	0	0	
47127	1229028		1	0	0	
46913	1229034		1	0	0	
46913	1229034		1	0	0	
47232	1229039		1	0	0	
47232	1229039		1	0	0	
47232	1229039		1	0	0	
47232	1229039		1	0	0	
59015	1229044		1	0	0	
59015	1229044		1	0	0	
59015	1229044		1	0	0	
52462	1229050		1	0	0	
44538	1229056		1	0	0	
59267	1229060		1	0	0	
59267	1229060		1	0	0	
61762	1229067		1	0	0	
61762	1229067		1	0	0	
62102	1229073		1	0	0	
50412	1229205		1	0	0	
50412	1229205		1	0	0	
49295	1229255		1	0	0	
49295	1229255		1	0	0	
49295	1229255		1	0	0	
50531	1229280		1	0	0	
50531	1229280		1	0	0	
50531	1229280		1	0	0	
50531	1229280		1	0	0	
51212	1229288		1	0	0	
50370	1229313		1	0	0	
50370	1229313		1	0	0	
50370	1229313		1	0	0	
58020	1229321		1	0	0	
58020	1229321		1	0	0	
46901	1229329		1	0	0	
57321	1229335		1	0	0	
57321	1229335		1	0	0	
38432	1229342		1	0	0	
38432	1229342		1	0	0	
58795	1229362		1	0	0	
58795	1229362		1	0	0	
58795	1229362		1	0	0	
59448	1229620		1	0	0	
59448	1229620		1	0	0	
59448	1229620		1	0	0	
61354	1229491		1	0	0	
58405	1229497		1	0	0	
56947	1229542		1	0	0	
56947	1229542		1	0	0	
57602	1229574		1	0	0	
41780	1229635		1	0	0	
41780	1229635		1	0	0	
41780	1229635		1	0	0	
52026	1229643		1	0	0	
52026	1229643		1	0	0	
52026	1229643		1	0	0	
49442	1229648		1	0	0	
49442	1229648		1	0	0	
49442	1229648		1	0	0	
61970	1224619		1	0	0	
50481	1224626		1	0	0	
43799	1224632		1	0	0	
43799	1224632		1	0	0	
62537	1224637		1	0	0	
62537	1224637		1	0	0	
62537	1224637		1	0	0	
62537	1224637		1	0	0	
61133	1224649		1	0	0	
44288	1224657		1	0	0	
44288	1224657		1	0	0	
44288	1224657		1	0	0	
62327	1224665		1	0	0	
62327	1224665		1	0	0	
60815	1220523		1	0	0	
60815	1220523		1	0	0	
60815	1220523		1	0	0	
56324	1224674		1	0	0	
56324	1224674		1	0	0	
61973	1224688		1	0	0	
49044	1224700		1	0	0	
49044	1224700		1	0	0	
49044	1224700		1	0	0	
49044	1224700		1	0	0	
44057	1220199		1	0	0	
44057	1220199		1	0	0	
44057	1220199		1	0	0	
56312	1220201		1	0	0	
56312	1220201		1	0	0	
56312	1220201		1	0	0	
54297	1224729		1	0	0	
50442	1220206		1	0	0	
50442	1220206		1	0	0	
50442	1220206		1	0	0	
50442	1220206		1	0	0	
50442	1220206		1	0	0	
60661	1224744		1	0	0	
60712	1225151		1	0	0	
60712	1225151		1	0	0	
60712	1225151		1	0	0	
49058	1225168		1	0	0	
52191	1225174		1	0	0	
60753	1225179		1	0	0	
60753	1225179		1	0	0	
59232	1225184		1	0	0	
59232	1225184		1	0	0	
60481	1225190		1	0	0	
51034	1220230		1	0	0	
51034	1220230		1	0	0	
51034	1220230		1	0	0	
51034	1220230		1	0	0	
57008	1225196		1	0	0	
57008	1225196		1	0	0	
61371	1225201		1	0	0	
61371	1225201		1	0	0	
61371	1225201		1	0	0	
57659	1220237		1	0	0	
57659	1220237		1	0	0	
62438	1225206		1	0	0	
62438	1225206		1	0	0	
61310	1220321		1	0	0	
61310	1220321		1	0	0	
61310	1220321		1	0	0	
61310	1220321		1	0	0	
46500	1225214		1	0	0	
59170	1225220		1	0	0	
57411	1220337		1	0	0	
57411	1220337		1	0	0	
58612	1225227		1	0	0	
60244	1225238		1	0	0	
59171	1225243		1	0	0	
58446	1220347		1	0	0	
58502	1225247		1	0	0	
62178	1225253		1	0	0	
62178	1225253		1	0	0	
62178	1225253		1	0	0	
62178	1225253		1	0	0	
43712	1225262		1	0	0	
54777	1220361		1	0	0	
54777	1220361		1	0	0	
56922	1225266		1	0	0	
56922	1225266		1	0	0	
56922	1225266		1	0	0	
56922	1225266		1	0	0	
58901	1225273		1	0	0	
58901	1225273		1	0	0	
55612	1225281		1	0	0	
49495	1220372		1	0	0	
49495	1220372		1	0	0	
49495	1220372		1	0	0	
56557	1220394		1	0	0	
56557	1220394		1	0	0	
56557	1220394		1	0	0	
52579	1225353		1	0	0	
52579	1225353		1	0	0	
52579	1225353		1	0	0	
57675	1220401		1	0	0	
59439	1220407		1	0	0	
59439	1220407		1	0	0	
57190	1220419		1	0	0	
57190	1220419		1	0	0	
56761	1220426		1	0	0	
59425	1220434		1	0	0	
59425	1220434		1	0	0	
59425	1220434		1	0	0	
47849	1220443		1	0	0	
47849	1220443		1	0	0	
57499	1220459		1	0	0	
57499	1220459		1	0	0	
57499	1220459		1	0	0	
52969	1225332		1	0	0	
46321	1220466		1	0	0	
46321	1220466		1	0	0	
53580	1225369		1	0	0	
43797	1225375		1	0	0	
43797	1225375		1	0	0	
53948	1220481		1	0	0	
53948	1220481		1	0	0	
53948	1220481		1	0	0	
59447	1220489		1	0	0	
59447	1220489		1	0	0	
59447	1220489		1	0	0	
59447	1220489		1	0	0	
47170	1220501		1	0	0	
47170	1220501		1	0	0	
47170	1220501		1	0	0	
60596	1220512		1	0	0	
60596	1220512		1	0	0	
60596	1220512		1	0	0	
61906	1220725		1	0	0	
61906	1220725		1	0	0	
61906	1220725		1	0	0	
59408	1220731		1	0	0	
61654	1220738		1	0	0	
61654	1220738		1	0	0	
61654	1220738		1	0	0	
61654	1220738		1	0	0	
61654	1220738		1	0	0	
61024	1220745		1	0	0	
61986	1220750		1	0	0	
61986	1220750		1	0	0	
61986	1220750		1	0	0	
61986	1220750		1	0	0	
61986	1220750		1	0	0	
60283	1220756		1	0	0	
53817	1220761		1	0	0	
60141	1220767		1	0	0	
60141	1220767		1	0	0	
60141	1220767		1	0	0	
59776	1220771		1	0	0	
59776	1220771		1	0	0	
56132	1220778		1	0	0	
56132	1220778		1	0	0	
56132	1220778		1	0	0	
56132	1220778		1	0	0	
47508	1229239		1	0	0	
47508	1229239		1	0	0	
47508	1229239		1	0	0	
47508	1229239		1	0	0	
47508	1229239		1	0	0	
47508	1229239		1	0	0	
47508	1229239		1	0	0	
50896	1220791		1	0	0	
50896	1220791		1	0	0	
50896	1220791		1	0	0	
55977	1220797		1	0	0	
55977	1220797		1	0	0	
55977	1220797		1	0	0	
60853	1220803		1	0	0	
54208	1220808		1	0	0	
54208	1220808		1	0	0	
54208	1220808		1	0	0	
60692	1220813		1	0	0	
60692	1220813		1	0	0	
51828	1220818		1	0	0	
51828	1220818		1	0	0	
51828	1220818		1	0	0	
51828	1220818		1	0	0	
45928	1220824		1	0	0	
45928	1220824		1	0	0	
45928	1220824		1	0	0	
61388	1220874		1	0	0	
61388	1220874		1	0	0	
52808	1220885		1	0	0	
52808	1220885		1	0	0	
55223	1220898		1	0	0	
55223	1220898		1	0	0	
55223	1220898		1	0	0	
51019	1220911		1	0	0	
58720	1220926		1	0	0	
58720	1220926		1	0	0	
51420	1225411		1	0	0	
52342	1220941		1	0	0	
52342	1220941		1	0	0	
52342	1220941		1	0	0	
56362	1220957		1	0	0	
56362	1220957		1	0	0	
56362	1220957		1	0	0	
60299	1220965		1	0	0	
60299	1220965		1	0	0	
59865	1220981		1	0	0	
56905	1220989		1	0	0	
56905	1220989		1	0	0	
56905	1220989		1	0	0	
56905	1220989		1	0	0	
56905	1220989		1	0	0	
56905	1220989		1	0	0	
47746	1225426		1	0	0	
54452	1221002		1	0	0	
58703	1221010		1	0	0	
59330	1229226		1	0	0	
57801	1221017		1	0	0	
57801	1221017		1	0	0	
57801	1221017		1	0	0	
61774	1221024		1	0	0	
61774	1221024		1	0	0	
61774	1221024		1	0	0	
61774	1221024		1	0	0	
56024	1221031		1	0	0	
56024	1221031		1	0	0	
56024	1221031		1	0	0	
61280	1221043		1	0	0	
61440	1221050		1	0	0	
54047	1221064		1	0	0	
54047	1221064		1	0	0	
54047	1221064		1	0	0	
55143	1221084		1	0	0	
58691	1221089		1	0	0	
58691	1221089		1	0	0	
51718	1221096		1	0	0	
51718	1221096		1	0	0	
51718	1221096		1	0	0	
51718	1221096		1	0	0	
53099	1229016		1	0	0	
53099	1229016		1	0	0	
53099	1229016		1	0	0	
51779	1221103		1	0	0	
60446	1221111		1	0	0	
60766	1229004		1	0	0	
60766	1229004		1	0	0	
60766	1229004		1	0	0	
40985	1228999		1	0	0	
40985	1228999		1	0	0	
40985	1228999		1	0	0	
49921	1221116		1	0	0	
49921	1221116		1	0	0	
49921	1221116		1	0	0	
55986	1221122		1	0	0	
55986	1221122		1	0	0	
53447	1221132		1	0	0	
53447	1221132		1	0	0	
53447	1221132		1	0	0	
56016	1221137		1	0	0	
56016	1221137		1	0	0	
56016	1221137		1	0	0	
56016	1221137		1	0	0	
56016	1221137		1	0	0	
51662	1229131		1	0	0	
51662	1229131		1	0	0	
51662	1229131		1	0	0	
57756	1221143		1	0	0	
57261	1221149		1	0	0	
57261	1221149		1	0	0	
53295	1221155		1	0	0	
53295	1221155		1	0	0	
61958	1229121		1	0	0	
61958	1229121		1	0	0	
51706	1221161		1	0	0	
51706	1221161		1	0	0	
51706	1221161		1	0	0	
51706	1221161		1	0	0	
44032	1229116		1	0	0	
54904	1221279		1	0	0	
51607	1229111		1	0	0	
42462	1221283		1	0	0	
42462	1221283		1	0	0	
42462	1221283		1	0	0	
57814	1221288		1	0	0	
57814	1221288		1	0	0	
57814	1221288		1	0	0	
54211	1229104		1	0	0	
54211	1229104		1	0	0	
59386	1224916		1	0	0	
43732	1221298		1	0	0	
43732	1221298		1	0	0	
46451	1221307		1	0	0	
46451	1221307		1	0	0	
46451	1221307		1	0	0	
46451	1221307		1	0	0	
52418	1225338		1	0	0	
56015	1221314		1	0	0	
56015	1221314		1	0	0	
56015	1221314		1	0	0	
56015	1221314		1	0	0	
46559	1221319		1	0	0	
46559	1221319		1	0	0	
53137	1221325		1	0	0	
53137	1221325		1	0	0	
56178	1225346		1	0	0	
56178	1225346		1	0	0	
46477	1221330		1	0	0	
46477	1221330		1	0	0	
46477	1221330		1	0	0	
54102	1221336		1	0	0	
54102	1221336		1	0	0	
54102	1221336		1	0	0	
55502	1221342		1	0	0	
55502	1221342		1	0	0	
55502	1221342		1	0	0	
60731	1221347		1	0	0	
59954	1221354		1	0	0	
59954	1221354		1	0	0	
59954	1221354		1	0	0	
60715	1221358		1	0	0	
51277	1229161		1	0	0	
51277	1229161		1	0	0	
51277	1229161		1	0	0	
52230	1229156		1	0	0	
52230	1229156		1	0	0	
59975	1221368		1	0	0	
59975	1221368		1	0	0	
59975	1221368		1	0	0	
59975	1221368		1	0	0	
59426	1221372		1	0	0	
59426	1221372		1	0	0	
50555	1221381		1	0	0	
50555	1221381		1	0	0	
50555	1221381		1	0	0	
55105	1221388		1	0	0	
55105	1221388		1	0	0	
55105	1221388		1	0	0	
55105	1221388		1	0	0	
61514	1229146		1	0	0	
61514	1229146		1	0	0	
52336	1229137		1	0	0	
52336	1229137		1	0	0	
52336	1229137		1	0	0	
48253	1221394		1	0	0	
48253	1221394		1	0	0	
52837	1221399		1	0	0	
52837	1221399		1	0	0	
52837	1221399		1	0	0	
52837	1221399		1	0	0	
60644	1221409		1	0	0	
60644	1221409		1	0	0	
59696	1221416		1	0	0	
59696	1221416		1	0	0	
57225	1221425		1	0	0	
57225	1221425		1	0	0	
46982	1221432		1	0	0	
46982	1221432		1	0	0	
46982	1221432		1	0	0	
46982	1221432		1	0	0	
54199	1229275		1	0	0	
54199	1229275		1	0	0	
54199	1229275		1	0	0	
54199	1229275		1	0	0	
61473	1221440		1	0	0	
61107	1221446		1	0	0	
61682	1221455		1	0	0	
50228	1221469		1	0	0	
50228	1221469		1	0	0	
50228	1221469		1	0	0	
61306	1221481		1	0	0	
61306	1221481		1	0	0	
61306	1221481		1	0	0	
52071	1221495		1	0	0	
52071	1221495		1	0	0	
52071	1221495		1	0	0	
52071	1221495		1	0	0	
52071	1221495		1	0	0	
58369	1221513		1	0	0	
58369	1221513		1	0	0	
58369	1221513		1	0	0	
50484	1221530		1	0	0	
50484	1221530		1	0	0	
50484	1221530		1	0	0	
61029	1228960		1	0	0	
61892	1221539		1	0	0	
61892	1221539		1	0	0	
57491	1221548		1	0	0	
57491	1221548		1	0	0	
57491	1221548		1	0	0	
61731	1221563		1	0	0	
61731	1221563		1	0	0	
62010	1221573		1	0	0	
62010	1221573		1	0	0	
56179	1221579		1	0	0	
52381	1221586		1	0	0	
52381	1221586		1	0	0	
48380	1221592		1	0	0	
48380	1221592		1	0	0	
48380	1221592		1	0	0	
58150	1221603		1	0	0	
58150	1221603		1	0	0	
47068	1221616		1	0	0	
47068	1221616		1	0	0	
45747	1228927		1	0	0	
45747	1228927		1	0	0	
56413	1228911		1	0	0	
56413	1228911		1	0	0	
60565	1221627		1	0	0	
60565	1221627		1	0	0	
58738	1221641		1	0	0	
61968	1221647		1	0	0	
61968	1221647		1	0	0	
61968	1221647		1	0	0	
61968	1221647		1	0	0	
49927	1228895		1	0	0	
36962	1221655		1	0	0	
36962	1221655		1	0	0	
36962	1221655		1	0	0	
36962	1221655		1	0	0	
36962	1221655		1	0	0	
36962	1221655		1	0	0	
58370	1225002		1	0	0	
58370	1225002		1	0	0	
58370	1225002		1	0	0	
49803	1228886		1	0	0	
58965	1221714		1	0	0	
58965	1221714		1	0	0	
61715	1228877		1	0	0	
61715	1228877		1	0	0	
51269	1228867		1	0	0	
52216	1228859		1	0	0	
52068	1228228		1	0	0	
52068	1228228		1	0	0	
52068	1228228		1	0	0	
52068	1228228		1	0	0	
58051	1225287		1	0	0	
58051	1225287		1	0	0	
52859	1228817		1	0	0	
56871	1228811		1	0	0	
56871	1228811		1	0	0	
56871	1228811		1	0	0	
61624	1228806		1	0	0	
61624	1228806		1	0	0	
61624	1228806		1	0	0	
61624	1228806		1	0	0	
45752	1228218		1	0	0	
45752	1228218		1	0	0	
47800	1228798		1	0	0	
47800	1228798		1	0	0	
47800	1228798		1	0	0	
60285	1225293		1	0	0	
56014	1228791		1	0	0	
61152	1221724		1	0	0	
61152	1221724		1	0	0	
61152	1221724		1	0	0	
60873	1225298		1	0	0	
60873	1225298		1	0	0	
47161	1228783		1	0	0	
47161	1228783		1	0	0	
47161	1228783		1	0	0	
52153	1228778		1	0	0	
52153	1228778		1	0	0	
52153	1228778		1	0	0	
52153	1228778		1	0	0	
60275	1228725		1	0	0	
60746	1228710		1	0	0	
60746	1228710		1	0	0	
61765	1228699		1	0	0	
61765	1228699		1	0	0	
47377	1228681		1	0	0	
47377	1228681		1	0	0	
47377	1228681		1	0	0	
47377	1228681		1	0	0	
42782	1228664		1	0	0	
42782	1228664		1	0	0	
53063	1228652		1	0	0	
53063	1228652		1	0	0	
53063	1228652		1	0	0	
53063	1228652		1	0	0	
53063	1228652		1	0	0	
60888	1228643		1	0	0	
61582	1221729		1	0	0	
61582	1221729		1	0	0	
61582	1221729		1	0	0	
42946	1228635		1	0	0	
42946	1228635		1	0	0	
42946	1228635		1	0	0	
42946	1228635		1	0	0	
55132	1225316		1	0	0	
55132	1225316		1	0	0	
55132	1225316		1	0	0	
51470	1225322		1	0	0	
51470	1225322		1	0	0	
51470	1225322		1	0	0	
59674	1228626		1	0	0	
59674	1228626		1	0	0	
61796	1228619		1	0	0	
61796	1228619		1	0	0	
61796	1228619		1	0	0	
60929	1228417		1	0	0	
60929	1228417		1	0	0	
57217	1228407		1	0	0	
49233	1228383		1	0	0	
49233	1228383		1	0	0	
49233	1228383		1	0	0	
61415	1228354		1	0	0	
61415	1228354		1	0	0	
61415	1228354		1	0	0	
54174	1228336		1	0	0	
54174	1228336		1	0	0	
53437	1228320		1	0	0	
53437	1228320		1	0	0	
51739	1228313		1	0	0	
62073	1228305		1	0	0	
62073	1228305		1	0	0	
62073	1228305		1	0	0	
62075	1228295		1	0	0	
62075	1228295		1	0	0	
60612	1228283		1	0	0	
60612	1228283		1	0	0	
52641	1228274		1	0	0	
52641	1228274		1	0	0	
58934	1030201		0	0	1	
58934	1226093		1	0	0	
58934	1226093		1	0	0	
60911	1228249		1	0	0	
59751	1228237		1	0	0	
59751	1228237		1	0	0	
56680	1228206		1	0	0	
56680	1228206		1	0	0	
56680	1228206		1	0	0	
57082	1228193		1	0	0	
59659	1228188		1	0	0	
59659	1228188		1	0	0	
59659	1228188		1	0	0	
55906	1226227		1	0	0	
55906	1226227		1	0	0	
55906	1226227		1	0	0	
55906	1226227		1	0	0	
55906	1226227		1	0	0	
60388	1226217		1	0	0	
46485	1226204		1	0	0	
61753	1226197		1	0	0	
61826	1226188		1	0	0	
61826	1226188		1	0	0	
56259	1226180		1	0	0	
56259	1226180		1	0	0	
56259	1226180		1	0	0	
54737	1226088		1	0	0	
54737	1226088		1	0	0	
61085	1226173		1	0	0	
55896	1226164		1	0	0	
59051	1226158		1	0	0	
59051	1226158		1	0	0	
59051	1226158		1	0	0	
59051	1226158		1	0	0	
40287	1226149		1	0	0	
53865	1226140		1	0	0	
53865	1226140		1	0	0	
53865	1226140		1	0	0	
53865	1226140		1	0	0	
61217	1226129		1	0	0	
61123	1226117		1	0	0	
53824	1226105		1	0	0	
53824	1226105		1	0	0	
53824	1226105		1	0	0	
53824	1226105		1	0	0	
62489	1226098		1	0	0	
62489	1226098		1	0	0	
62489	1226098		1	0	0	
61127	1226080		1	0	0	
61141	1226072		1	0	0	
60795	1226067		1	0	0	
60795	1226067		1	0	0	
60795	1226067		1	0	0	
62108	1226063		1	0	0	
44725	1226056		1	0	0	
44725	1226056		1	0	0	
44725	1226056		1	0	0	
44725	1226056		1	0	0	
44725	1226056		1	0	0	
59735	1226051		1	0	0	
59735	1226051		1	0	0	
59735	1226051		1	0	0	
62297	1226047		1	0	0	
58994	1226041		1	0	0	
58994	1226041		1	0	0	
60000	1225889		1	0	0	
58630	1225876		1	0	0	
58630	1225876		1	0	0	
58630	1225876		1	0	0	
58630	1225876		1	0	0	
53784	1225868		1	0	0	
53784	1225868		1	0	0	
53784	1225868		1	0	0	
59467	1225792		1	0	0	
52913	1225779		1	0	0	
54077	1225839		1	0	0	
54077	1225839		1	0	0	
59292	1225832		1	0	0	
58371	1225767		1	0	0	
58371	1225767		1	0	0	
41868	1225758		1	0	0	
61383	1225819		1	0	0	
61384	1225810		1	0	0	
61384	1225810		1	0	0	
61384	1225810		1	0	0	
47763	1225739		1	0	0	
47763	1225739		1	0	0	
47763	1225739		1	0	0	
61296	1225703		1	0	0	
61296	1225703		1	0	0	
60807	1225690		1	0	0	
60807	1225690		1	0	0	
60892	1225675		1	0	0	
60892	1225675		1	0	0	
60892	1225675		1	0	0	
60892	1225675		1	0	0	
59382	1225654		1	0	0	
57827	1225753		1	0	0	
58089	1225764		1	0	0	
61571	1226296		1	0	0	
61571	1226296		1	0	0	
45972	1226338		1	0	0	
45972	1226338		1	0	0	
45972	1226338		1	0	0	
43135	1226321		1	0	0	
61062	1226355		1	0	0	
42420	1220297		1	0	0	
42420	1220297		1	0	0	
56421	1220250		1	0	0	
56421	1220250		1	0	0	
56195	1220316		1	0	0	
56195	1220316		1	0	0	
56195	1220316		1	0	0	
56195	1220316		1	0	0	
59384	1220344		1	0	0	
61087	1220404		1	0	0	
61087	1220404		1	0	0	
49499	1220427		1	0	0	
49499	1220427		1	0	0	
36945	1220533		1	0	0	
36945	1220533		1	0	0	
59923	1220953		1	0	0	
55040	1221046		1	0	0	
55040	1221046		1	0	0	
55040	1221046		1	0	0	
58335	1221153		1	0	0	
57937	1221179		1	0	0	
57937	1221179		1	0	0	
57937	1221179		1	0	0	
55773	1221190		1	0	0	
55773	1221190		1	0	0	
60825	1221442		1	0	0	
60825	1221442		1	0	0	
60825	1221442		1	0	0	
58699	1221366		1	0	0	
58699	1221366		1	0	0	
52117	1221473		1	0	0	
52117	1221473		1	0	0	
52117	1221473		1	0	0	
51851	1221553		1	0	0	
51851	1221553		1	0	0	
51851	1221553		1	0	0	
51851	1221553		1	0	0	
60856	1221583		1	0	0	
54999	1221596		1	0	0	
54999	1221596		1	0	0	
54999	1221596		1	0	0	
54999	1221596		1	0	0	
54999	1221601		1	0	0	
54999	1221601		1	0	0	
54999	1221601		1	0	0	
54999	1221601		1	0	0	
60908	1221633		1	0	0	
58242	1224520		1	0	0	
58242	1224520		1	0	0	
58871	1224522		1	0	0	
60957	1224523		1	0	0	
60957	1224523		1	0	0	
60957	1224523		1	0	0	
55482	1224525		1	0	0	
55482	1224525		1	0	0	
55482	1224525		1	0	0	
55482	1224525		1	0	0	
53987	1224527		1	0	0	
53987	1224527		1	0	0	
53987	1224527		1	0	0	
60609	1224528		1	0	0	
60609	1224528		1	0	0	
55584	1224530		1	0	0	
55584	1224530		1	0	0	
55584	1224530		1	0	0	
55584	1224530		1	0	0	
52126	1224532		1	0	0	
52126	1224532		1	0	0	
54315	1224534		1	0	0	
54315	1224534		1	0	0	
59507	1224536		1	0	0	
59507	1224536		1	0	0	
59420	1224543		1	0	0	
59420	1224543		1	0	0	
59420	1224543		1	0	0	
56961	1224545		1	0	0	
56961	1224545		1	0	0	
56961	1224545		1	0	0	
56419	1224564		1	0	0	
50574	1121881		0	0	1	
60062	1219569		1	0	0	
60062	1219569		1	0	0	
60062	1219569		1	0	0	
1080			1078	0	2	
