Sun Mar 22 12:13:21 2020
283 Dementia Associated Behavioral and Psychiatric Symptoms Screening and Management - National Quality Strategy Domain: Effective Clinical Care - Meaningful Measure Area: Prevention, Treatment, and Management of Mental Health from 01/01/2019 thru 12/31/2019 
ClientID	TrID	pcount	G9919	G9920	G9921	
60702	1219410		1	0	0	
60702	1219410		1	0	0	
58601	1219495		1	0	0	
58601	1219495		1	0	0	
58601	1219495		1	0	0	
54790	1228199		0	0	1	
54790	1228199		0	0	1	
54790	1228199		0	0	1	
54790	1228199		0	0	1	
54790	1228199		0	0	1	
51516	1219892		0	0	1	
51516	1219894		0	0	1	
60075	1228334		0	0	1	
60075	1228334		0	0	1	
60075	1228334		0	0	1	
59070	1219632		0	0	1	
59070	1219632		0	0	1	
59070	1219632		0	0	1	
59070	1219632		0	0	1	
59070	1219642		0	0	1	
59070	1219642		0	0	1	
59070	1219642		0	0	1	
59070	1219642		0	0	1	
50281	1219597		0	0	1	
50281	1219597		0	0	1	
57040	1219668		1	0	0	
57040	1219668		1	0	0	
57040	1219668		1	0	0	
57040	1219668		1	0	0	
57040	1219668		1	0	0	
57040	1219673		0	0	1	
57040	1219673		0	0	1	
57040	1219673		0	0	1	
57040	1219673		0	0	1	
57040	1219673		0	0	1	
57277	1219685		1	0	0	
57277	1219685		1	0	0	
57277	1219685		1	0	0	
60403	1219688		1	0	0	
60403	1219688		1	0	0	
60403	1219688		1	0	0	
61687	1219700		0	1	0	
61687	1219700		0	1	0	
61687	1219700		0	1	0	
61687	1219699		0	0	1	
61687	1219699		0	0	1	
57674	1219705		0	0	1	
37707	1219896		0	0	1	
37707	1219896		0	0	1	
37707	1219896		0	0	1	
37707	1219897		0	0	1	
37707	1219897		0	0	1	
37707	1219897		0	0	1	
37707	1219897		0	0	1	
61364	1219898		1	0	0	
61364	1219898		1	0	0	
51418	1219899		0	0	1	
51418	1219899		0	0	1	
51418	1219899		0	0	1	
51418	1219899		0	0	1	
59523	1219903		0	0	1	
59523	1219903		0	0	1	
59523	1219903		0	0	1	
53767	1219906		0	0	1	
53767	1219906		0	0	1	
53767	1219906		0	0	1	
53767	1219907		1	0	0	
53767	1219907		1	0	0	
53767	1219907		1	0	0	
61315	1219904		0	0	1	
61315	1219904		0	0	1	
59863	1219908		1	0	0	
59863	1219908		1	0	0	
59863	1219908		1	0	0	
59863	1219908		1	0	0	
55568	1219909		0	0	1	
55568	1219909		0	0	1	
55568	1219909		0	0	1	
57178	1219910		0	0	1	
59654	1229518		0	0	1	
59654	1229518		0	0	1	
54204	1219974		0	0	1	
54204	1219974		0	0	1	
60954	1219981		0	0	1	
60968	1219982		0	0	1	
60968	1219982		0	0	1	
60968	1219982		0	0	1	
60850	1219984		0	0	1	
60733	1221045		0	0	1	
50017	1219918		0	0	1	
50017	1219918		0	0	1	
61379	1221047		0	0	1	
61379	1221047		0	0	1	
61379	1221047		0	0	1	
61379	1221047		0	0	1	
61379	1221047		0	0	1	
59977	1221056		0	0	1	
50471	1221063		0	0	1	
50471	1221063		0	0	1	
50471	1221063		0	0	1	
50471	1221063		0	0	1	
59314	1221066		0	0	1	
59314	1221066		0	0	1	
58412	1221078		0	0	1	
58412	1221078		0	0	1	
58412	1221078		0	0	1	
58412	1221078		0	0	1	
58412	1221078		0	0	1	
55198	1219929		0	0	1	
55198	1219929		0	0	1	
60956	1219932		0	0	1	
60956	1219932		0	0	1	
60956	1219932		0	0	1	
60956	1219932		0	0	1	
50936	1220277		0	0	1	
50936	1220277		0	0	1	
50936	1220277		0	0	1	
50936	1220277		0	0	1	
37299	1219979		0	0	1	
37299	1219979		0	0	1	
37299	1219979		0	0	1	
58514	1219988		0	0	1	
58514	1219988		0	0	1	
58514	1219988		0	0	1	
57698	1220171		0	0	1	
59224	1220174		0	0	1	
59224	1220174		0	0	1	
60355	1220189		0	0	1	
60649	1220179		0	0	1	
60649	1220179		0	0	1	
60649	1220179		0	0	1	
60649	1220179		0	0	1	
56452	1220181		0	0	1	
56452	1220181		0	0	1	
57575	1220191		1	0	0	
57575	1220191		1	0	0	
60277	1220198		0	0	1	
56294	1220203		0	0	1	
52150	1220212		0	0	1	
52150	1220212		0	0	1	
41381	1220223		0	0	1	
41381	1220223		0	0	1	
49127	1220261		0	0	1	
49127	1220261		0	0	1	
49127	1220261		0	0	1	
49127	1220261		0	0	1	
49127	1220261		0	0	1	
49127	1220261		0	0	1	
58631	1220295		0	0	1	
58631	1220295		0	0	1	
58631	1220295		0	0	1	
58631	1220295		0	0	1	
59107	1220299		0	0	1	
59107	1220299		0	0	1	
58558	1220330		0	0	1	
58558	1220330		0	0	1	
58558	1220330		0	0	1	
58558	1220330		0	0	1	
58558	1220330		0	0	1	
50394	1220355		0	0	1	
50394	1220355		0	0	1	
50394	1220355		0	0	1	
50394	1220355		0	0	1	
59351	1220384		0	0	1	
59351	1220384		0	0	1	
59351	1220384		0	0	1	
59351	1220384		0	0	1	
52639	1220395		0	0	1	
52639	1220395		0	0	1	
60520	1220418		0	0	1	
60520	1220418		0	0	1	
53467	1220660		0	0	1	
53467	1220660		0	0	1	
53467	1220660		0	0	1	
53467	1220660		0	0	1	
53467	1220660		0	0	1	
60566	1220663		0	0	1	
60566	1220663		0	0	1	
60566	1220663		0	0	1	
46555	1220667		0	0	1	
46555	1220667		0	0	1	
46555	1220667		0	0	1	
46555	1220667		0	0	1	
46555	1220667		0	0	1	
61446	1220684		0	0	1	
61446	1220684		0	0	1	
61446	1220684		0	0	1	
60502	1220698		0	0	1	
60502	1220698		0	0	1	
60502	1220698		0	0	1	
60502	1220698		0	0	1	
50559	1220702		0	0	1	
50559	1220702		0	0	1	
50559	1220702		0	0	1	
50559	1220702		0	0	1	
50559	1220702		0	0	1	
50559	1220702		0	0	1	
57551	1220707		0	0	1	
59680	1220712		0	0	1	
57023	1220714		0	0	1	
57023	1220714		0	0	1	
57023	1220714		0	0	1	
57023	1220714		0	0	1	
57023	1220714		0	0	1	
57023	1220714		0	0	1	
60487	1220721		0	0	1	
60487	1220721		0	0	1	
60487	1220721		0	0	1	
58553	1220732		0	0	1	
58553	1220732		0	0	1	
58553	1220732		0	0	1	
56718	1220743		0	0	1	
60013	1220748		0	0	1	
60013	1220748		0	0	1	
60013	1220748		0	0	1	
37411	1220752		0	0	1	
37411	1220752		0	0	1	
53919	1220754		0	0	1	
53919	1220754		0	0	1	
53919	1220754		0	0	1	
53919	1220754		0	0	1	
53919	1220754		0	0	1	
59173	1220763		0	1	0	
59173	1220763		0	1	0	
59173	1220763		0	1	0	
59173	1220763		0	1	0	
59173	1220763		0	1	0	
57584	1220773		0	0	1	
57584	1220773		0	0	1	
57584	1220773		0	0	1	
60993	1220780		0	0	1	
60993	1220780		0	0	1	
60993	1220780		0	0	1	
46230	1220781		0	0	1	
46230	1220781		0	0	1	
46230	1220781		0	0	1	
46230	1220781		0	0	1	
46230	1220781		0	0	1	
46230	1220781		0	0	1	
56651	1220788		0	0	1	
56651	1220788		0	0	1	
46446	1220793		0	0	1	
46446	1220793		0	0	1	
46446	1220793		0	0	1	
46446	1220793		0	0	1	
46446	1220793		0	0	1	
60646	1220798		0	0	1	
60646	1220798		0	0	1	
60646	1220798		0	0	1	
54175	1220805		0	0	1	
54175	1220805		0	0	1	
54175	1220805		0	0	1	
54175	1220805		0	0	1	
56548	1220820		0	0	1	
56548	1220820		0	0	1	
56548	1220820		0	0	1	
56548	1220820		0	0	1	
47176	1220827		0	0	1	
47176	1220827		0	0	1	
57182	1220832		0	0	1	
57182	1220832		0	0	1	
57182	1220832		0	0	1	
56549	1220839		0	0	1	
56549	1220839		0	0	1	
56549	1220839		0	0	1	
56549	1220839		0	0	1	
56549	1220839		0	0	1	
59976	1220864		0	0	1	
59976	1220864		0	0	1	
59976	1220864		0	0	1	
59976	1220864		0	0	1	
59976	1220864		0	0	1	
54598	1219978		1	0	0	
54598	1219978		1	0	0	
54598	1219978		1	0	0	
54598	1219978		1	0	0	
54598	1221285		0	0	1	
54598	1221285		0	0	1	
50952	1219976		0	0	1	
50952	1219976		0	0	1	
60073	1219940		0	0	1	
61350	1219943		0	0	1	
61350	1219943		0	0	1	
61350	1219943		0	0	1	
57579	1219947		0	0	1	
57579	1219947		0	0	1	
57579	1219947		0	0	1	
58164	1219945		0	0	1	
58164	1219945		0	0	1	
58164	1219945		0	0	1	
59172	1219958		0	0	1	
59172	1219958		0	0	1	
59172	1219958		0	0	1	
59172	1219958		0	0	1	
52583	1219959		0	0	1	
52583	1219959		0	0	1	
57581	1219960		0	0	1	
57581	1219960		0	0	1	
57581	1219960		0	0	1	
60419	1219962		0	0	1	
60419	1219962		0	0	1	
60419	1219962		0	0	1	
57687	1219965		0	0	1	
57687	1219965		0	0	1	
57687	1219965		0	0	1	
56726	1219968		0	0	1	
56726	1219968		0	0	1	
56726	1219968		0	0	1	
57469	1219970		0	0	1	
57469	1219970		0	0	1	
57469	1219970		0	0	1	
52387	1219973		0	0	1	
52387	1219973		0	0	1	
52387	1219973		0	0	1	
40441	1221306		0	0	1	
40441	1221306		0	0	1	
40441	1221306		0	0	1	
57260	1221326		0	0	1	
57260	1221326		0	0	1	
57260	1221326		0	0	1	
59033	1219986		0	0	1	
62301	1219957		0	0	1	
62301	1219957		0	0	1	
62301	1219957		0	0	1	
62301	1219957		0	0	1	
53685	1219990		0	0	1	
53685	1219990		0	0	1	
53685	1219990		0	0	1	
56337	1219993		0	0	1	
56337	1219993		0	0	1	
56337	1219993		0	0	1	
56337	1219993		0	0	1	
59491	1219998		0	0	1	
59491	1219998		0	0	1	
59491	1219998		0	0	1	
59491	1219998		0	0	1	
47402	1220002		0	0	1	
47402	1220002		0	0	1	
47402	1220002		0	0	1	
56088	1220003		0	0	1	
56088	1220003		0	0	1	
56088	1220003		0	0	1	
56088	1220003		0	0	1	
56088	1220003		0	0	1	
60938	1220004		0	0	1	
60938	1220004		0	0	1	
60938	1220004		0	0	1	
60009	1220006		0	0	1	
60009	1220006		0	0	1	
51027	1224860		0	0	1	
51027	1224860		0	0	1	
51027	1224860		0	0	1	
51027	1224860		0	0	1	
51027	1224860		0	0	1	
50403	1224881		0	0	1	
50403	1224881		0	0	1	
56550	1224900		0	0	1	
56550	1224900		0	0	1	
45522	1220008		0	0	1	
45522	1220008		0	0	1	
45522	1220008		0	0	1	
45522	1220008		0	0	1	
45522	1220008		0	0	1	
59688	1224920		0	0	1	
59688	1224920		0	0	1	
61584	1224943		0	0	1	
61584	1224943		0	0	1	
61584	1224943		0	0	1	
61584	1224943		0	0	1	
52364	1220009		0	0	1	
52364	1220009		0	0	1	
52364	1220009		0	0	1	
52364	1220009		0	0	1	
52364	1220009		0	0	1	
39840	1224960		0	0	1	
39840	1224960		0	0	1	
61794	1224989		0	0	1	
58391	1225018		0	0	1	
58391	1225018		0	0	1	
58391	1225018		0	0	1	
56980	1225212		0	0	1	
57759	1225232		0	0	1	
57759	1225232		0	0	1	
57759	1225232		0	0	1	
46055	1225257		0	0	1	
46055	1225257		0	0	1	
46055	1225257		0	0	1	
46055	1225257		0	0	1	
58509	1225274		0	0	1	
48023	1225299		0	0	1	
48023	1225299		0	0	1	
48023	1225299		0	0	1	
57390	1225329		0	0	1	
57390	1225329		0	0	1	
57390	1225329		0	0	1	
58087	1225389		0	0	1	
58087	1225389		0	0	1	
58087	1225389		0	0	1	
60894	1225444		0	0	1	
57576	1225453		0	0	1	
57576	1225453		0	0	1	
61903	1225468		0	0	1	
58920	1225487		0	0	1	
58920	1225487		0	0	1	
58920	1225487		0	0	1	
57386	1225493		0	0	1	
61168	1225498		0	0	1	
43700	1220010		0	0	1	
43700	1220010		0	0	1	
43700	1220010		0	0	1	
43700	1220010		0	0	1	
40534	1225604		0	0	1	
51972	1225617		0	0	1	
58043	1225623		0	0	1	
61258	1225632		0	0	1	
58102	1225665		0	0	1	
58102	1225665		0	0	1	
58102	1225665		0	0	1	
61904	1225691		0	0	1	
55478	1220015		0	0	1	
55478	1220015		0	0	1	
55478	1220015		0	0	1	
58578	1220020		0	0	1	
58578	1220020		0	0	1	
58578	1220020		0	0	1	
58491	1225775		0	0	1	
58491	1225775		0	0	1	
51177	1225806		0	0	1	
51177	1225806		0	0	1	
57267	1220024		0	0	1	
57267	1220024		0	0	1	
57267	1220024		0	0	1	
46622	1225816		0	0	1	
46622	1225816		0	0	1	
46622	1225816		0	0	1	
46622	1225816		0	0	1	
46622	1225816		0	0	1	
46622	1225816		0	0	1	
46622	1225816		0	0	1	
46622	1225816		0	0	1	
56375	1220026		0	0	1	
56375	1220026		0	0	1	
53305	1225833		0	0	1	
53305	1225833		0	0	1	
53305	1225833		0	0	1	
53305	1225833		0	0	1	
53305	1225833		0	0	1	
53305	1225833		0	0	1	
51557	1220180		0	0	1	
51557	1220180		0	0	1	
51557	1220180		0	0	1	
60514	1225846		0	0	1	
60514	1225846		0	0	1	
57359	1225860		0	0	1	
57359	1225860		0	0	1	
60010	1225942		0	0	1	
51912	1220183		0	0	1	
51912	1220183		0	0	1	
51912	1220183		0	0	1	
49853	1226111		0	0	1	
49853	1226111		0	0	1	
49853	1226111		0	0	1	
49659	1220185		0	0	1	
49659	1220185		0	0	1	
50278	1220322		0	0	1	
50278	1220322		0	0	1	
50278	1220322		0	0	1	
50278	1226126		0	0	1	
50278	1226126		0	0	1	
50278	1226126		0	0	1	
56363	1220328		0	0	1	
56363	1220328		0	0	1	
56363	1220328		0	0	1	
49219	1226170		0	0	1	
49219	1226170		0	0	1	
60512	1226218		0	0	1	
60512	1226218		0	0	1	
60512	1226218		0	0	1	
60512	1226218		0	0	1	
59437	1226235		0	0	1	
59437	1226235		0	0	1	
53220	1226255		0	0	1	
53220	1226255		0	0	1	
60574	1226261		0	0	1	
60574	1226261		0	0	1	
55346	1226278		0	0	1	
55231	1226288		0	0	1	
55231	1226288		0	0	1	
55231	1226288		0	0	1	
48559	1226363		0	0	1	
48559	1226363		0	0	1	
48559	1226363		0	0	1	
48559	1226363		0	0	1	
59814	1221290		0	1	0	
59814	1221290		0	1	0	
59814	1221290		0	1	0	
59669	1220335		0	0	1	
59669	1220335		0	0	1	
59909	1220341		0	0	1	
61222	1220519		0	0	1	
60674	1226375		0	0	1	
60674	1226375		0	0	1	
58033	1226383		0	0	1	
58033	1226383		0	0	1	
60278	1220351		0	0	1	
51308	1227735		0	0	1	
57620	1220359		0	0	1	
57620	1220359		0	0	1	
57620	1220359		0	0	1	
43705	1227768		0	0	1	
51333	1227811		0	0	1	
51333	1227811		0	0	1	
51333	1227811		0	0	1	
51333	1227811		0	0	1	
51333	1227811		0	0	1	
46449	1220371		0	0	1	
46449	1220371		0	0	1	
46449	1220371		0	0	1	
46449	1220371		0	0	1	
46449	1220371		0	0	1	
46449	1220371		0	0	1	
46449	1220371		0	0	1	
56683	1227899		0	0	1	
56683	1227899		0	0	1	
56683	1227899		0	0	1	
39504	1227921		0	0	1	
51169	1220380		0	0	1	
51169	1220380		0	0	1	
51169	1220380		0	0	1	
55049	1220383		0	0	1	
55049	1220383		0	0	1	
55049	1220383		0	0	1	
61064	1220389		0	0	1	
61064	1220389		0	0	1	
61064	1220389		0	0	1	
55079	1227999		0	0	1	
60308	1228018		0	0	1	
60279	1220396		0	0	1	
60279	1220396		0	0	1	
60279	1220396		0	0	1	
48172	1220405		0	0	1	
48172	1220405		0	0	1	
48172	1220405		0	0	1	
48172	1220405		0	0	1	
49175	1228053		0	0	1	
49175	1228053		0	0	1	
49175	1228053		0	0	1	
56952	1220411		0	0	1	
56952	1220411		0	0	1	
57872	1220414		0	0	1	
57872	1220414		0	0	1	
57872	1220414		0	0	1	
57872	1220414		0	0	1	
58036	1228066		0	0	1	
58036	1228066		0	0	1	
49667	1220417		0	0	1	
49667	1220417		0	0	1	
49667	1220417		0	0	1	
57055	1220430		0	0	1	
57055	1220430		0	0	1	
57055	1220430		0	0	1	
56528	1228083		0	0	1	
56528	1228083		0	0	1	
56528	1228083		0	0	1	
52817	1220440		0	0	1	
52817	1220440		0	0	1	
52817	1220440		0	0	1	
52817	1220440		0	0	1	
52817	1220440		0	0	1	
62470	1220442		0	0	1	
62470	1220442		0	0	1	
62470	1220442		0	0	1	
60767	1228280		0	0	1	
60767	1228280		0	0	1	
60767	1228280		0	0	1	
60767	1228280		0	0	1	
60767	1228280		0	0	1	
60767	1228280		0	0	1	
57085	1220447		0	0	1	
57085	1220447		0	0	1	
57085	1220447		0	0	1	
57085	1220447		0	0	1	
52640	1228298		0	0	1	
61069	1228325		0	0	1	
61069	1228325		0	0	1	
59162	1228343		0	0	1	
51915	1228368		0	0	1	
51915	1228368		0	0	1	
60790	1228403		0	0	1	
51639	1228411		0	1	0	
51639	1228411		0	1	0	
49408	1228425		0	0	1	
56368	1228431		0	0	1	
56368	1228431		0	0	1	
51811	1220453		0	0	1	
51811	1220453		0	0	1	
51811	1220453		0	0	1	
51811	1220453		0	0	1	
45426	1228481		0	0	1	
45426	1228481		0	0	1	
45426	1228481		0	0	1	
45426	1228481		0	0	1	
45426	1228481		0	0	1	
58135	1220460		0	0	1	
53487	1228908		0	0	1	
53487	1228908		0	0	1	
56340	1228940		0	0	1	
56340	1228940		0	0	1	
55578	1220471		0	0	1	
55578	1220471		0	0	1	
55578	1220471		0	0	1	
59329	1220476		0	0	1	
59329	1220476		0	0	1	
59329	1220476		0	0	1	
48984	1220496		0	0	1	
48984	1220496		0	0	1	
48984	1220496		0	0	1	
52889	1220498		0	0	1	
52889	1220498		0	0	1	
52889	1220498		0	0	1	
52889	1220498		0	0	1	
59141	1220505		0	0	1	
59141	1220505		0	0	1	
59141	1220505		0	0	1	
42224	1228971		0	0	1	
42224	1228971		0	0	1	
42224	1228971		0	0	1	
45732	1228988		0	0	1	
45732	1228988		0	0	1	
51029	1220516		0	0	1	
51029	1220516		0	0	1	
51029	1220516		0	0	1	
56125	1229014		0	0	1	
56125	1229014		0	0	1	
56125	1229014		0	0	1	
40750	1229024		0	0	1	
40750	1229024		0	0	1	
40750	1229024		0	0	1	
61450	1220518		0	0	1	
61450	1220518		0	0	1	
61450	1220518		0	0	1	
47127	1229030		0	0	1	
47127	1229030		0	0	1	
47127	1229030		0	0	1	
47127	1229030		0	0	1	
46913	1229036		0	0	1	
46913	1229036		0	0	1	
47232	1229041		0	0	1	
47232	1229041		0	0	1	
47232	1229041		0	0	1	
47232	1229041		0	0	1	
59015	1229046		0	0	1	
59015	1229046		0	0	1	
59015	1229046		0	0	1	
55226	1220521		0	0	1	
55226	1220521		0	0	1	
55226	1220521		0	0	1	
55226	1220521		0	0	1	
52462	1229053		0	0	1	
59267	1229063		0	0	1	
59267	1229063		0	0	1	
61762	1229070		0	0	1	
61762	1229070		0	0	1	
62102	1229075		0	0	1	
58896	1220526		0	0	1	
53377	1220529		0	0	1	
53377	1220529		0	0	1	
59339	1220530		0	0	1	
59339	1220530		0	0	1	
48691	1220537		0	0	1	
48691	1220537		0	0	1	
48691	1220537		0	0	1	
48691	1220537		0	0	1	
59018	1220540		0	0	1	
59018	1220540		0	0	1	
59018	1220540		0	0	1	
59018	1220540		0	0	1	
58296	1220541		0	0	1	
58296	1220541		0	0	1	
50412	1220543		0	0	1	
50412	1220543		0	0	1	
50412	1220543		0	0	1	
53952	1220544		0	0	1	
53952	1220544		0	0	1	
53952	1220544		0	0	1	
53952	1220544		0	0	1	
60615	1220545		0	0	1	
60615	1220545		0	0	1	
60615	1220545		0	0	1	
54834	1220546		0	0	1	
54834	1220546		0	0	1	
52897	1220548		0	0	1	
62683	1220673		0	0	1	
49295	1229259		0	0	1	
49295	1229259		0	0	1	
49295	1229259		0	0	1	
60887	1220676		0	0	1	
50531	1229282		0	0	1	
50531	1229282		0	0	1	
50531	1229282		0	0	1	
50531	1229282		0	0	1	
59319	1220680		0	0	1	
51212	1229292		0	0	1	
61428	1220688		0	0	1	
61428	1220688		0	0	1	
61428	1220688		0	0	1	
44216	1220799		0	0	1	
44216	1220799		0	0	1	
44216	1220799		0	0	1	
48771	1220826		0	0	1	
48771	1220826		0	0	1	
48771	1220826		0	0	1	
48771	1220826		0	0	1	
44898	1220828		0	0	1	
44898	1220828		0	0	1	
44898	1220828		0	0	1	
53516	1220831		0	0	1	
53516	1220831		0	0	1	
53516	1220831		0	0	1	
53516	1220831		0	0	1	
53516	1220831		0	0	1	
50370	1229315		0	0	1	
50370	1229315		0	0	1	
50370	1229315		0	0	1	
60791	1220833		0	0	1	
60791	1220833		0	0	1	
60791	1220833		0	0	1	
58020	1229324		0	0	1	
58020	1229324		0	0	1	
46901	1229331		0	0	1	
57321	1220843		0	0	1	
57321	1220843		0	0	1	
62137	1220844		0	0	1	
62137	1220844		0	0	1	
62137	1220844		0	0	1	
45876	1220863		0	0	1	
45876	1220863		0	0	1	
45876	1220863		0	0	1	
45876	1220863		0	0	1	
56940	1220868		0	0	1	
56940	1220868		0	0	1	
56940	1220868		0	0	1	
56940	1220868		0	0	1	
56940	1220868		0	0	1	
56940	1220868		0	0	1	
56940	1220868		0	0	1	
60789	1220884		0	0	1	
60789	1220884		0	0	1	
60789	1220884		0	0	1	
60789	1220884		0	0	1	
45837	1220894		0	0	1	
45837	1220894		0	0	1	
45837	1220894		0	0	1	
38432	1229345		0	0	1	
38432	1229345		0	0	1	
56894	1220913		0	1	0	
56894	1220913		0	1	0	
56895	1220920		0	0	1	
56895	1220920		0	0	1	
46206	1220937		0	0	1	
46206	1220937		0	0	1	
46206	1220937		0	0	1	
46206	1220937		0	0	1	
46688	1220947		0	0	1	
46688	1220947		0	0	1	
58795	1220950		0	0	1	
53370	1220967		0	0	1	
53370	1220967		0	0	1	
53370	1220967		0	0	1	
53370	1220967		0	0	1	
53370	1220967		0	0	1	
53370	1220967		0	0	1	
51800	1220992		0	0	1	
51800	1220992		0	0	1	
51800	1220992		0	0	1	
51800	1220992		0	0	1	
51800	1220992		0	0	1	
59649	1220998		0	0	1	
59649	1220998		0	0	1	
59649	1220998		0	0	1	
48826	1221005		0	0	1	
48826	1221005		0	0	1	
48826	1221005		0	0	1	
48826	1221005		0	0	1	
48826	1221005		0	0	1	
48826	1221005		0	0	1	
59448	1229622		0	0	1	
59448	1229622		0	0	1	
59448	1229622		0	0	1	
61308	1221013		0	0	1	
61308	1221013		0	0	1	
61354	1229493		0	0	1	
58405	1229501		0	0	1	
56686	1221015		0	0	1	
56686	1221015		0	0	1	
56686	1221015		0	0	1	
46979	1221020		0	0	1	
46979	1221020		0	0	1	
46979	1221020		0	0	1	
46979	1221020		0	0	1	
59473	1221022		0	0	1	
57238	1221026		0	0	1	
57238	1221026		0	0	1	
57238	1221026		0	0	1	
57238	1221026		0	0	1	
57238	1221026		0	0	1	
58941	1221054		0	0	1	
58941	1221054		0	0	1	
58941	1221054		0	0	1	
57119	1221059		0	0	1	
57119	1221059		0	0	1	
57119	1221059		0	0	1	
61328	1221067		0	0	1	
61328	1221067		0	0	1	
61328	1221067		0	0	1	
52366	1221070		0	0	1	
52366	1221070		0	0	1	
56947	1221076		0	0	1	
56947	1221076		0	0	1	
57602	1229577		0	0	1	
57419	1221079		0	0	1	
57419	1221079		0	0	1	
57419	1221079		0	0	1	
53368	1221082		0	0	1	
53368	1221082		0	0	1	
53368	1221082		0	0	1	
53368	1221082		0	0	1	
53368	1221082		0	0	1	
55394	1221086		0	0	1	
55394	1221086		0	0	1	
60252	1221090		0	0	1	
60252	1221090		0	0	1	
48520	1221099		0	0	1	
48520	1221099		0	0	1	
48520	1221099		0	0	1	
48520	1221099		0	0	1	
48520	1221099		0	0	1	
55171	1221104		0	0	1	
55171	1221104		0	0	1	
55171	1221104		0	0	1	
60742	1221113		0	0	1	
60742	1221113		0	0	1	
60742	1221113		0	0	1	
61862	1221117		0	0	1	
61862	1221117		0	0	1	
61614	1221377		0	0	1	
61614	1221377		0	0	1	
61614	1221377		0	0	1	
61614	1221377		0	0	1	
54299	1221383		0	0	1	
54299	1221383		0	0	1	
54299	1221383		0	0	1	
54299	1221383		0	0	1	
47016	1221389		0	0	1	
47016	1221389		0	0	1	
47016	1221389		0	0	1	
52169	1221396		0	0	1	
52169	1221396		0	0	1	
52169	1221396		0	0	1	
60604	1221401		0	0	1	
60604	1221401		0	0	1	
49679	1221402		0	0	1	
49679	1221402		0	0	1	
49679	1221402		0	0	1	
49679	1221402		0	0	1	
49679	1221402		0	0	1	
49679	1221402		0	0	1	
49679	1221402		0	0	1	
49679	1221402		0	0	1	
49679	1221402		0	0	1	
49679	1221402		0	0	1	
52452	1221405		0	0	1	
52452	1221405		0	0	1	
52452	1221405		0	0	1	
52452	1221405		0	0	1	
52452	1221405		0	0	1	
52452	1221405		0	0	1	
48175	1221415		0	0	1	
48175	1221415		0	0	1	
48175	1221415		0	0	1	
48175	1221415		0	0	1	
58306	1221419		0	0	1	
58306	1221419		0	0	1	
59653	1221423		0	0	1	
59653	1221423		0	0	1	
59202	1221428		0	0	1	
59202	1221428		0	0	1	
61116	1221435		0	0	1	
49109	1221437		0	0	1	
49109	1221437		0	0	1	
49109	1221437		0	0	1	
49109	1221437		0	0	1	
41780	1229629		0	0	1	
41780	1229629		0	0	1	
41780	1229629		0	0	1	
55119	1221454		0	0	1	
55119	1221454		0	0	1	
55119	1221454		0	0	1	
55119	1221454		0	0	1	
52026	1229645		0	0	1	
52026	1229645		0	0	1	
52026	1229645		0	0	1	
61918	1221464		0	0	1	
61918	1221464		0	0	1	
61918	1221464		0	0	1	
50470	1221477		0	0	1	
50470	1221477		0	0	1	
50470	1221477		0	0	1	
50470	1221477		0	0	1	
50470	1221477		0	0	1	
50470	1221477		0	0	1	
57951	1221489		0	0	1	
57951	1221489		0	0	1	
57951	1221489		0	0	1	
57951	1221489		0	0	1	
60503	1221497		0	0	1	
50180	1221509		0	0	1	
50180	1221509		0	0	1	
53221	1221521		0	0	1	
53221	1221521		0	0	1	
53221	1221521		0	0	1	
53221	1221521		0	0	1	
38067	1221536		0	0	1	
38067	1221536		0	0	1	
38067	1221536		0	0	1	
38067	1221536		0	0	1	
38067	1221536		0	0	1	
38067	1221536		0	0	1	
38067	1221536		0	0	1	
61177	1221551		0	0	1	
60686	1221572		0	0	1	
55559	1221576		0	0	1	
55559	1221576		0	0	1	
55559	1221576		0	0	1	
60792	1221606		0	0	1	
60792	1221606		0	0	1	
62117	1221622		0	0	1	
62117	1221622		0	0	1	
62117	1221622		0	0	1	
62117	1221622		0	0	1	
53942	1221628		0	0	1	
53942	1221628		0	0	1	
53942	1221628		0	0	1	
53942	1221628		0	0	1	
57268	1221634		0	0	1	
55176	1221638		0	0	1	
55176	1221638		0	0	1	
55176	1221638		0	0	1	
57770	1221658		0	0	1	
57770	1221658		0	0	1	
55988	1221660		0	0	1	
55988	1221660		0	0	1	
50469	1221664		0	0	1	
50469	1221664		0	0	1	
50469	1221664		0	0	1	
50469	1221664		0	0	1	
50469	1221664		0	0	1	
61400	1221668		0	0	1	
61400	1221668		0	0	1	
61400	1221668		0	0	1	
52876	1221670		0	0	1	
52876	1221670		0	0	1	
52876	1221670		0	0	1	
52876	1221670		0	0	1	
52876	1221670		0	0	1	
61311	1221672		0	0	1	
55444	1221675		0	0	1	
55444	1221675		0	0	1	
55444	1221675		0	0	1	
49278	1221678		0	0	1	
49278	1221678		0	0	1	
49278	1221678		0	0	1	
49278	1221678		0	0	1	
45047	1221681		0	0	1	
54611	1221683		0	0	1	
54611	1221683		0	0	1	
54611	1221683		0	0	1	
54611	1221683		0	0	1	
54611	1221683		0	0	1	
58744	1221686		0	0	1	
58744	1221686		0	0	1	
58744	1221686		0	0	1	
56691	1221690		0	0	1	
56691	1221690		0	0	1	
55154	1221694		0	0	1	
55154	1221694		0	0	1	
55154	1221694		0	0	1	
55154	1221694		0	0	1	
61021	1221700		0	0	1	
42433	1221775		0	0	1	
42433	1221775		0	0	1	
60390	1221779		0	0	1	
60390	1221779		0	0	1	
61622	1221781		0	0	1	
61622	1221781		0	0	1	
61071	1221793		0	0	1	
61071	1221793		0	0	1	
61071	1221793		0	0	1	
44809	1221800		0	0	1	
44809	1221800		0	0	1	
44809	1221800		0	0	1	
44809	1221800		0	0	1	
44809	1221800		0	0	1	
44809	1221800		0	0	1	
52637	1221801		0	0	1	
52637	1221801		0	0	1	
61293	1221808		0	0	1	
61293	1221808		0	0	1	
61293	1221808		0	0	1	
61293	1221808		0	0	1	
61307	1221811		0	0	1	
61307	1221811		0	0	1	
61307	1221811		0	0	1	
58225	1221818		0	0	1	
58225	1221818		0	0	1	
58225	1221818		0	0	1	
58955	1221822		0	0	1	
58955	1221822		0	0	1	
61631	1221824		0	0	1	
61631	1221824		0	0	1	
57956	1221832		0	0	1	
57956	1221832		0	0	1	
57257	1221834		0	0	1	
57257	1221834		0	0	1	
56129	1221841		0	0	1	
56129	1221841		0	0	1	
56129	1221841		0	0	1	
59276	1221842		0	0	1	
61008	1222427		0	0	1	
61008	1222427		0	0	1	
61008	1222427		0	0	1	
58729	1222429		0	0	1	
58729	1222429		0	0	1	
51335	1222430		0	0	1	
51335	1222430		0	0	1	
51335	1222430		0	0	1	
51335	1222430		0	0	1	
43937	1222432		0	0	1	
53953	1222437		0	0	1	
53953	1222437		0	0	1	
54386	1222442		0	0	1	
54386	1222442		0	0	1	
54386	1222442		0	0	1	
54386	1222442		0	0	1	
56219	1222446		0	0	1	
56219	1222446		0	0	1	
56219	1222446		0	0	1	
56219	1222446		0	0	1	
56219	1222446		0	0	1	
61454	1222452		0	0	1	
61454	1222452		0	0	1	
61454	1222452		0	0	1	
61454	1222452		0	0	1	
61454	1222452		0	0	1	
58718	1222457		0	0	1	
58718	1222457		0	0	1	
58718	1222457		0	0	1	
58050	1222459		0	0	1	
58050	1222459		0	0	1	
51192	1222463		0	0	1	
51192	1222463		0	0	1	
51192	1222463		0	0	1	
51192	1222463		0	0	1	
60703	1222465		0	0	1	
60703	1222465		0	0	1	
55058	1222492		0	0	1	
55058	1222492		0	0	1	
55058	1222492		0	0	1	
55058	1222492		0	0	1	
53949	1222496		0	0	1	
53949	1222496		0	0	1	
53949	1222496		0	0	1	
53949	1222496		0	0	1	
53949	1222496		0	0	1	
46956	1222498		0	0	1	
46956	1222498		0	0	1	
46956	1222498		0	0	1	
46956	1222498		0	0	1	
46956	1222498		0	0	1	
61816	1222499		0	0	1	
61816	1222499		0	0	1	
61816	1222499		0	0	1	
42394	1222501		0	0	1	
42394	1222501		0	0	1	
42394	1222501		0	0	1	
42394	1222501		0	0	1	
42394	1222501		0	0	1	
52063	1222505		0	0	1	
52063	1222505		0	0	1	
52063	1222505		0	0	1	
52063	1222505		0	0	1	
52063	1222505		0	0	1	
47658	1222509		0	0	1	
47658	1222509		0	0	1	
61314	1222511		0	0	1	
61314	1222511		0	0	1	
61314	1222511		0	0	1	
55165	1222513		0	0	1	
55165	1222513		0	0	1	
61438	1222518		0	0	1	
46798	1222521		0	0	1	
46798	1222521		0	0	1	
46798	1222521		0	0	1	
46798	1222521		0	0	1	
60104	1222524		0	0	1	
60104	1222524		0	0	1	
60104	1222524		0	0	1	
50960	1222528		0	0	1	
50960	1222528		0	0	1	
50960	1222528		0	0	1	
37010	1222529		0	0	1	
37010	1222529		0	0	1	
37010	1222529		0	0	1	
61852	1222532		0	0	1	
61852	1222532		0	0	1	
58928	1222537		0	0	1	
58928	1222537		0	0	1	
58928	1222537		0	0	1	
58339	1222545		0	0	1	
58339	1222545		0	0	1	
55220	1222548		0	0	1	
55220	1222548		0	0	1	
55220	1222548		0	0	1	
55220	1222548		0	0	1	
58361	1222552		0	0	1	
58361	1222552		0	0	1	
58361	1222552		0	0	1	
52582	1222555		0	0	1	
52582	1222555		0	0	1	
52582	1222555		0	0	1	
52582	1222555		0	0	1	
60798	1222561		0	0	1	
60798	1222561		0	0	1	
56766	1222564		0	0	1	
56766	1222564		0	0	1	
56766	1222564		0	0	1	
56766	1222564		0	0	1	
59753	1222569		0	0	1	
50807	1222571		0	0	1	
50807	1222571		0	0	1	
50807	1222571		0	0	1	
50807	1222571		0	0	1	
61074	1222573		0	0	1	
60643	1222575		0	0	1	
60643	1222575		0	0	1	
61970	1224616		0	1	0	
50481	1224624		1	0	0	
43799	1224629		0	1	0	
43799	1224629		0	1	0	
62537	1224638		1	0	0	
62537	1224638		1	0	0	
62537	1224638		1	0	0	
62537	1224638		1	0	0	
61133	1224650		0	1	0	
44288	1224658		0	1	0	
44288	1224658		0	1	0	
44288	1224658		0	1	0	
62327	1224667		0	1	0	
62327	1224667		0	1	0	
60815	1219971		0	0	1	
60815	1219971		0	0	1	
60815	1219971		0	0	1	
56324	1224675		0	1	0	
56324	1224675		0	1	0	
61973	1224690		1	0	0	
49044	1224701		1	0	0	
49044	1224701		1	0	0	
49044	1224701		1	0	0	
49044	1224701		1	0	0	
44057	1220184		1	0	0	
44057	1220184		1	0	0	
44057	1220184		1	0	0	
56312	1220186		1	0	0	
56312	1220186		1	0	0	
56312	1220186		1	0	0	
54297	1224731		1	0	0	
50442	1220187		0	0	1	
50442	1220187		0	0	1	
50442	1220187		0	0	1	
50442	1220187		0	0	1	
50442	1220187		0	0	1	
60661	1224745		0	1	0	
51034	1220188		1	0	0	
51034	1220188		1	0	0	
51034	1220188		1	0	0	
51034	1220188		1	0	0	
57659	1220239		1	0	0	
57659	1220239		1	0	0	
61310	1220326		1	0	0	
61310	1220326		1	0	0	
61310	1220326		1	0	0	
61310	1220326		1	0	0	
57411	1220336		1	0	0	
57411	1220336		1	0	0	
58446	1220345		1	0	0	
54777	1220360		1	0	0	
54777	1220360		1	0	0	
49495	1220370		0	0	1	
49495	1220370		0	0	1	
49495	1220370		0	0	1	
56557	1220391		0	0	1	
56557	1220391		0	0	1	
56557	1220391		0	0	1	
52579	1225354		0	1	0	
52579	1225354		0	1	0	
52579	1225354		0	1	0	
57675	1220399		1	0	0	
59439	1220406		0	0	1	
59439	1220406		0	0	1	
57190	1220416		0	1	0	
56761	1220424		0	0	1	
59425	1220431		1	0	0	
59425	1220431		1	0	0	
59425	1220431		1	0	0	
47849	1220441		0	1	0	
47849	1220441		0	1	0	
47849	1220441		0	1	0	
57499	1220461		0	0	1	
57499	1220461		0	0	1	
57499	1220461		0	0	1	
52969	1225333		0	1	0	
46321	1220472		1	0	0	
46321	1220472		1	0	0	
53580	1225370		0	1	0	
43797	1225376		0	1	0	
43797	1225376		0	1	0	
53948	1220478		0	1	0	
53948	1220478		0	1	0	
53948	1220478		0	1	0	
59447	1220492		0	0	1	
59447	1220492		0	0	1	
59447	1220492		0	0	1	
59447	1220492		0	0	1	
47170	1220497		0	0	1	
47170	1220497		0	0	1	
47170	1220497		0	0	1	
60596	1220508		0	1	0	
60596	1220508		0	1	0	
60596	1220508		0	1	0	
61906	1220722		1	0	0	
61906	1220722		1	0	0	
61906	1220722		1	0	0	
59408	1220729		1	0	0	
61654	1220736		1	0	0	
61654	1220736		1	0	0	
61654	1220736		1	0	0	
61654	1220736		1	0	0	
61654	1220736		1	0	0	
61024	1220742		1	0	0	
61986	1220747		0	0	1	
61986	1220747		0	0	1	
61986	1220747		0	0	1	
61986	1220747		0	0	1	
61986	1220747		0	0	1	
60283	1220753		1	0	0	
53817	1220759		0	1	0	
60141	1220765		0	0	1	
60141	1220765		0	0	1	
60141	1220765		0	0	1	
59776	1220769		1	0	0	
59776	1220769		1	0	0	
56132	1220776		1	0	0	
56132	1220776		1	0	0	
56132	1220776		1	0	0	
56132	1220776		1	0	0	
58366	1220782		0	1	0	
58366	1220782		0	1	0	
50896	1220787		0	0	1	
50896	1220787		0	0	1	
50896	1220787		0	0	1	
55977	1220795		1	0	0	
55977	1220795		1	0	0	
55977	1220795		1	0	0	
60853	1220801		1	0	0	
54208	1220806		1	0	0	
54208	1220806		1	0	0	
54208	1220806		1	0	0	
60692	1220811		0	0	1	
60692	1220811		0	0	1	
51828	1220816		0	0	1	
51828	1220816		0	0	1	
51828	1220816		0	0	1	
51828	1220816		0	0	1	
45928	1220822		1	0	0	
45928	1220822		1	0	0	
45928	1220822		1	0	0	
61388	1220870		0	0	1	
61388	1220870		0	0	1	
52808	1220882		1	0	0	
52808	1220882		1	0	0	
55223	1220893		1	0	0	
55223	1220893		1	0	0	
55223	1220893		1	0	0	
51019	1220906		1	0	0	
51019	1220908		0	0	1	
58720	1220919		1	0	0	
58720	1220919		1	0	0	
51420	1225413		0	1	0	
52342	1220934		1	0	0	
52342	1220934		1	0	0	
52342	1220934		1	0	0	
56362	1220951		1	0	0	
56362	1220951		1	0	0	
56362	1220951		1	0	0	
60299	1220964		1	0	0	
60299	1220964		1	0	0	
59865	1220978		1	0	0	
56905	1220987		0	0	1	
56905	1220987		0	0	1	
56905	1220987		0	0	1	
56905	1220987		0	0	1	
56905	1220987		0	0	1	
56905	1220987		0	0	1	
47746	1225427		0	1	0	
54452	1220999		1	0	0	
58703	1221006		1	0	0	
57801	1221014		0	0	1	
57801	1221014		0	0	1	
57801	1221014		0	0	1	
61774	1221021		1	0	0	
61774	1221021		1	0	0	
61774	1221021		1	0	0	
61774	1221021		1	0	0	
56024	1221028		1	0	0	
56024	1221028		1	0	0	
56024	1221028		1	0	0	
61280	1221039		1	0	0	
61440	1221048		1	0	0	
54047	1221060		1	0	0	
54047	1221060		1	0	0	
54047	1221060		1	0	0	
55143	1221071		1	0	0	
58691	1221087		1	0	0	
58691	1221087		1	0	0	
51718	1221093		1	0	0	
51718	1221093		1	0	0	
51718	1221093		1	0	0	
51718	1221093		1	0	0	
51779	1221101		0	1	0	
60446	1221107		1	0	0	
49921	1221114		1	0	0	
49921	1221114		1	0	0	
49921	1221114		1	0	0	
55986	1221120		1	0	0	
55986	1221120		1	0	0	
53447	1221130		1	0	0	
53447	1221130		1	0	0	
53447	1221130		1	0	0	
56016	1221135		1	0	0	
56016	1221135		1	0	0	
56016	1221135		1	0	0	
56016	1221135		1	0	0	
56016	1221135		1	0	0	
57756	1221142		1	0	0	
57261	1221146		1	0	0	
57261	1221146		1	0	0	
53295	1221152		0	1	0	
53295	1221152		0	1	0	
51706	1221158		1	0	0	
51706	1221158		1	0	0	
51706	1221158		1	0	0	
51706	1221158		1	0	0	
54904	1221277		0	1	0	
54904	1221277		0	1	0	
42462	1221281		1	0	0	
42462	1221281		1	0	0	
42462	1221281		1	0	0	
57814	1221286		1	0	0	
57814	1221286		1	0	0	
57814	1221286		1	0	0	
59386	1224917		1	0	0	
43732	1221296		0	1	0	
43732	1221296		0	1	0	
46451	1221303		1	0	0	
46451	1221303		1	0	0	
46451	1221303		1	0	0	
46451	1221303		1	0	0	
52418	1225339		0	1	0	
56015	1221312		1	0	0	
56015	1221312		1	0	0	
56015	1221312		1	0	0	
56015	1221312		1	0	0	
46559	1221317		1	0	0	
46559	1221317		1	0	0	
53137	1221323		0	0	1	
53137	1221323		0	0	1	
46477	1221328		1	0	0	
46477	1221328		1	0	0	
46477	1221328		1	0	0	
54102	1221334		1	0	0	
54102	1221334		1	0	0	
54102	1221334		1	0	0	
55502	1221340		1	0	0	
55502	1221340		1	0	0	
55502	1221340		1	0	0	
60731	1221345		1	0	0	
59954	1221350		1	0	0	
59954	1221350		1	0	0	
59954	1221350		1	0	0	
60715	1221356		1	0	0	
59975	1221365		1	0	0	
59975	1221365		1	0	0	
59975	1221365		1	0	0	
59975	1221365		1	0	0	
59426	1221371		1	0	0	
59426	1221371		1	0	0	
50555	1221379		1	0	0	
50555	1221379		1	0	0	
50555	1221379		1	0	0	
55105	1221384		0	0	1	
55105	1221384		0	0	1	
55105	1221384		0	0	1	
55105	1221384		0	0	1	
48253	1221392		1	0	0	
48253	1221392		1	0	0	
52837	1221397		1	0	0	
52837	1221397		1	0	0	
52837	1221397		1	0	0	
52837	1221397		1	0	0	
60644	1221403		1	0	0	
60644	1221403		1	0	0	
59696	1221413		0	0	1	
59696	1221413		0	0	1	
57225	1221420		1	0	0	
57225	1221420		1	0	0	
46982	1221429		1	0	0	
46982	1221429		1	0	0	
46982	1221429		1	0	0	
46982	1221429		1	0	0	
61473	1221436		1	0	0	
61107	1221443		1	0	0	
61682	1221451		1	0	0	
50228	1221462		1	0	0	
50228	1221462		1	0	0	
50228	1221462		1	0	0	
61306	1221479		0	0	1	
61306	1221479		0	0	1	
61306	1221479		0	0	1	
52071	1221490		1	0	0	
52071	1221490		1	0	0	
52071	1221490		1	0	0	
52071	1221490		1	0	0	
52071	1221490		1	0	0	
58369	1221507		1	0	0	
58369	1221507		1	0	0	
58369	1221507		1	0	0	
50484	1221523		1	0	0	
50484	1221523		1	0	0	
50484	1221523		1	0	0	
61892	1221534		1	0	0	
61892	1221534		1	0	0	
57491	1221544		1	0	0	
57491	1221544		1	0	0	
57491	1221544		1	0	0	
61731	1221559		1	0	0	
61731	1221559		1	0	0	
62010	1221570		1	0	0	
62010	1221570		1	0	0	
56179	1221577		1	0	0	
52381	1221582		1	0	0	
52381	1221582		1	0	0	
48380	1221589		1	0	0	
48380	1221589		1	0	0	
48380	1221589		1	0	0	
58150	1221599		0	1	0	
58150	1221599		0	1	0	
47068	1221613		1	0	0	
47068	1221613		1	0	0	
60565	1221624		1	0	0	
60565	1221624		1	0	0	
58738	1221639		0	1	0	
61968	1221645		1	0	0	
61968	1221645		1	0	0	
61968	1221645		1	0	0	
61968	1221645		1	0	0	
36962	1221653		1	0	0	
36962	1221653		1	0	0	
36962	1221653		1	0	0	
36962	1221653		1	0	0	
36962	1221653		1	0	0	
36962	1221653		1	0	0	
58370	1225003		1	0	0	
58370	1225003		1	0	0	
58370	1225003		1	0	0	
58965	1221710		1	0	0	
58965	1221710		1	0	0	
54593	1225013		0	1	0	
54593	1225013		0	1	0	
54593	1225013		0	1	0	
45752	1228219		0	1	0	
45752	1228219		0	1	0	
47800	1228799		1	0	0	
47800	1228799		1	0	0	
47800	1228799		1	0	0	
61152	1221720		1	0	0	
61152	1221720		1	0	0	
61152	1221720		1	0	0	
61582	1221728		1	0	0	
61582	1221728		1	0	0	
61582	1221728		1	0	0	
54174	1221735		1	0	0	
54174	1221735		1	0	0	
53437	1221738		1	0	0	
53437	1221738		1	0	0	
62073	1228306		0	1	0	
62073	1228306		0	1	0	
62073	1228306		0	1	0	
62075	1228297		0	1	0	
62075	1228297		0	1	0	
60612	1221740		1	0	0	
60612	1221740		1	0	0	
40807	1221741		1	0	0	
59751	1228239		0	1	0	
59751	1228239		0	1	0	
57082	1228194		0	1	0	
59051	1221744		1	0	0	
59051	1221744		1	0	0	
59051	1221744		1	0	0	
60587	1221745		1	0	0	
60587	1221745		1	0	0	
58511	1221747		0	0	1	
58511	1221747		0	0	1	
62489	1221751		1	0	0	
62489	1221751		1	0	0	
62489	1221751		1	0	0	
62108	1221754		1	0	0	
44725	1221756		1	0	0	
44725	1221756		1	0	0	
44725	1221756		1	0	0	
44725	1221756		1	0	0	
44725	1221756		1	0	0	
58630	1225878		0	1	0	
58630	1225878		0	1	0	
58630	1225878		0	1	0	
58630	1225878		0	1	0	
61384	1221758		0	0	1	
61384	1221758		0	0	1	
61384	1221758		0	0	1	
47763	1225740		1	0	0	
47763	1225740		1	0	0	
47763	1225740		1	0	0	
56133	1221761		1	0	0	
56133	1221761		1	0	0	
56133	1221761		1	0	0	
58089	1220066		1	0	0	
58089	1220066		1	0	0	
58089	1225762		0	0	1	
60694	1220075		0	0	1	
59120	1220088		0	0	1	
59120	1220088		0	0	1	
45972	1220100		0	0	1	
45972	1220100		0	0	1	
45972	1220100		0	0	1	
43135	1220124		0	0	1	
43135	1220124		0	0	1	
43135	1220124		0	0	1	
43135	1220124		0	0	1	
61062	1220133		0	0	1	
61062	1220133		0	0	1	
61062	1220133		0	0	1	
42420	1220291		0	0	1	
42420	1220291		0	0	1	
56421	1220234		0	0	1	
56421	1220234		0	0	1	
56195	1220325		0	0	1	
56195	1220325		0	0	1	
56195	1220325		0	0	1	
56195	1220325		0	0	1	
59384	1220352		0	0	1	
61087	1220412		0	0	1	
61087	1220412		0	0	1	
49499	1220528		0	0	1	
49499	1220528		0	0	1	
36945	1220535		0	0	1	
36945	1220535		0	0	1	
59923	1220962		0	0	1	
55040	1221058		0	0	1	
55040	1221058		0	0	1	
55040	1221058		0	0	1	
58335	1221162		0	0	1	
57937	1221182		0	0	1	
57937	1221182		0	0	1	
57937	1221182		0	0	1	
55773	1221193		0	0	1	
55773	1221193		0	0	1	
60825	1221447		0	0	1	
60825	1221447		0	0	1	
60825	1221447		0	0	1	
58699	1221387		0	0	1	
58699	1221387		0	0	1	
52117	1221483		0	0	1	
52117	1221483		0	0	1	
52117	1221483		0	0	1	
51851	1221556		0	0	1	
51851	1221556		0	0	1	
51851	1221556		0	0	1	
51851	1221556		0	0	1	
60856	1221588		0	0	1	
54999	1221609		0	0	1	
54999	1221609		0	0	1	
54999	1221609		0	0	1	
54999	1221609		0	0	1	
60908	1221635		0	0	1	
58242	1221644		0	0	1	
58242	1221644		0	0	1	
58871	1221650		0	0	1	
60957	1221656		0	0	1	
60957	1221656		0	0	1	
60957	1221656		0	0	1	
60609	1221736		0	0	1	
60609	1221736		0	0	1	
55584	1221742		0	0	1	
55584	1221742		0	0	1	
55584	1221742		0	0	1	
55584	1221742		0	0	1	
52126	1221746		0	0	1	
52126	1221746		0	0	1	
54315	1221750		0	0	1	
54315	1221750		0	0	1	
59507	1221755		0	0	1	
59507	1221755		0	0	1	
59420	1221757		0	0	1	
56961	1221759		0	0	1	
56961	1221759		0	0	1	
56961	1221759		0	0	1	
56419	1221763		0	0	1	
40442	1221764		0	0	1	
40442	1221764		0	0	1	
48082	1221765		0	0	1	
48082	1221765		0	0	1	
48082	1221765		0	0	1	
50575	1221767		0	0	1	
50575	1221767		0	0	1	
50575	1221767		0	0	1	
50575	1221767		0	0	1	
50575	1221767		0	0	1	
60666	1221769		0	0	1	
55902	1221772		0	0	1	
55902	1221772		0	0	1	
55902	1221772		0	0	1	
55902	1221774		0	0	1	
55902	1221774		0	0	1	
55902	1221774		0	0	1	
61028	1221777		0	0	1	
55911	1221784		1	0	0	
55911	1221784		1	0	0	
55911	1221784		1	0	0	
55911	1221784		1	0	0	
61543	1221815		0	0	1	
61543	1221815		0	0	1	
61543	1221815		0	0	1	
57044	1221820		0	0	1	
57044	1221820		0	0	1	
47659	1224412		0	0	1	
47659	1224412		0	0	1	
47659	1224412		0	0	1	
61969	1221825		0	0	1	
61969	1221825		0	0	1	
61969	1221825		0	0	1	
46212	1224029		0	0	1	
46212	1224029		0	0	1	
46212	1224029		0	0	1	
46212	1224029		0	0	1	
46212	1224029		0	0	1	
53945	1224023		0	0	1	
53945	1224023		0	0	1	
58801	1221828		1	0	0	
60914	1220041		0	0	1	
60914	1220041		0	0	1	
55418	1220039		0	0	1	
54196	1221830		0	0	1	
50196	1221833		0	0	1	
50196	1221833		0	0	1	
59906	1220037		0	0	1	
59906	1220037		0	0	1	
59906	1220037		0	0	1	
59906	1221838		0	0	1	
59906	1221838		0	0	1	
59906	1221838		0	0	1	
44709	1221840		0	0	1	
44709	1221840		0	0	1	
44709	1221840		0	0	1	
54685	1220034		0	0	1	
54685	1220034		0	0	1	
54685	1220034		0	0	1	
60990	1220032		0	0	1	
60990	1220032		0	0	1	
60990	1220032		0	0	1	
61472	1220030		0	0	1	
61472	1220030		0	0	1	
57841	1220028		0	0	1	
57841	1220028		0	0	1	
57841	1220028		0	0	1	
57841	1220028		0	0	1	
39625	1220018		0	0	1	
39625	1220018		0	0	1	
39625	1220018		0	0	1	
39625	1220018		0	0	1	
39625	1220018		0	0	1	
39625	1220018		0	0	1	
61027	1220014		0	0	1	
50234	1219999		0	0	1	
50234	1219999		0	0	1	
50234	1219999		0	0	1	
50234	1219999		0	0	1	
50234	1219999		0	0	1	
50234	1219999		0	0	1	
60348	1221843		0	0	1	
53146	1219991		0	0	1	
53146	1219991		0	0	1	
53146	1219991		0	0	1	
60488	1219987		0	0	1	
60488	1219987		0	0	1	
60488	1219987		0	0	1	
60488	1219987		0	0	1	
60062	1219573		0	0	1	
60062	1219573		0	0	1	
60062	1219573		0	0	1	
1718			303	77	1338	
