Sun Mar 22 12:12:40 2020
431 Preventive Care and Screening: Unhealthy Alcohol Use: Screening & Brief Counseling - National Quality Strategy Domain: Community/Population Health - Meaningful Measure Area: Prevention and Treatment of Opioid and Substance Use Disorders from 01/01/2019 thru 12/31/2019 
ClientID	TrID	pcount	G9621	G9622	G9623	G9624	
55774	1224612		0	0	0	1	
55774	1224612		0	0	0	1	
55774	1224612		0	0	0	1	
61298	1224639		0	0	0	1	
61298	1224639		0	0	0	1	
61298	1224639		0	0	0	1	
61298	1224639		0	0	0	1	
60544	1224655		0	0	0	1	
60544	1224655		0	0	0	1	
58601	1224728		0	0	0	1	
58601	1224728		0	0	0	1	
58601	1224728		0	0	0	1	
62141	1224742		0	0	0	1	
62141	1224742		0	0	0	1	
60545	1224766		0	0	0	1	
60832	1224786		0	1	0	0	
60832	1224786		0	1	0	0	
60905	1224814		0	0	0	1	
58401	1224834		0	0	0	1	
61049	1225716		0	0	0	1	
54790	1228207		0	0	0	1	
54790	1228207		0	0	0	1	
54790	1228207		0	0	0	1	
54790	1228207		0	0	0	1	
54790	1228207		0	0	0	1	
61131	1228264		0	0	0	1	
61131	1228264		0	0	0	1	
61131	1228264		0	0	0	1	
60075	1228353		0	0	0	1	
60075	1228353		0	0	0	1	
60075	1228353		0	0	0	1	
39590	1228618		0	0	0	1	
39590	1228618		0	0	0	1	
39590	1228618		0	0	0	1	
58507	1228744		0	0	0	1	
58284	1228765		0	0	0	1	
58284	1228765		0	0	0	1	
58284	1228765		0	0	0	1	
50522	1229219		0	0	0	1	
50522	1229219		0	0	0	1	
50522	1229219		0	0	0	1	
61126	1229416		0	0	0	1	
61126	1229416		0	0	0	1	
61126	1229416		0	0	0	1	
61126	1229416		0	0	0	1	
61126	1229416		0	0	0	1	
48810	1229422		0	0	0	1	
48810	1229422		0	0	0	1	
59523	1229250		0	0	0	1	
59523	1229250		0	0	0	1	
59523	1229250		0	0	0	1	
60311	1229263		0	0	1	0	
59366	1229427		0	0	0	1	
59366	1229427		0	0	0	1	
53754	1229430		0	0	0	1	
60785	1229452		0	0	0	1	
60785	1229452		0	0	0	1	
48457	1229466		0	0	0	1	
52233	1229512		0	0	0	1	
52233	1229512		0	0	0	1	
52233	1229512		0	0	0	1	
52233	1229512		0	0	0	1	
59654	1229519		0	0	0	1	
59654	1229519		0	0	0	1	
53098	1229610		0	0	0	1	
53098	1229610		0	0	0	1	
53098	1229610		0	0	0	1	
53098	1229610		0	0	0	1	
60009	1224711		0	0	1	0	
60009	1224711		0	0	1	0	
51060	1224721		0	0	1	0	
51060	1224721		0	0	1	0	
51060	1224721		0	0	1	0	
59933	1224730		0	0	1	0	
51027	1224845		0	0	1	0	
51027	1224845		0	0	1	0	
51027	1224845		0	0	1	0	
51027	1224845		0	0	1	0	
51027	1224845		0	0	1	0	
50403	1224875		0	0	1	0	
50403	1224875		0	0	1	0	
56550	1224898		0	0	1	0	
56550	1224898		0	0	1	0	
45522	1224907		0	0	1	0	
45522	1224907		0	0	1	0	
45522	1224907		0	0	1	0	
45522	1224907		0	0	1	0	
45522	1224907		0	0	1	0	
59688	1224927		0	0	1	0	
59688	1224927		0	0	1	0	
61584	1224941		0	0	1	0	
61584	1224941		0	0	1	0	
61584	1224941		0	0	1	0	
61584	1224941		0	0	1	0	
52364	1224954		0	0	1	0	
52364	1224954		0	0	1	0	
52364	1224954		0	0	1	0	
52364	1224954		0	0	1	0	
52364	1224954		0	0	1	0	
39840	1224967		0	0	1	0	
39840	1224967		0	0	1	0	
61794	1224987		0	0	1	0	
58391	1225017		0	0	1	0	
58391	1225017		0	0	1	0	
58391	1225017		0	0	1	0	
56980	1225225		0	0	1	0	
57759	1225234		0	0	1	0	
57759	1225234		0	0	1	0	
57759	1225234		0	0	1	0	
46055	1225260		0	0	1	0	
46055	1225260		0	0	1	0	
46055	1225260		0	0	1	0	
46055	1225260		0	0	1	0	
58509	1225279		1	0	0	0	
57390	1225327		0	0	1	0	
57390	1225327		0	0	1	0	
57390	1225327		0	0	1	0	
58087	1225392		0	0	1	0	
58087	1225392		0	0	1	0	
58087	1225392		0	0	1	0	
58087	1225402		0	0	1	0	
58087	1225402		0	0	1	0	
58087	1225402		0	0	1	0	
60894	1225442		0	0	1	0	
57576	1225456		0	0	1	0	
57576	1225456		0	0	1	0	
61903	1225469		0	0	1	0	
61903	1225469		0	0	1	0	
61903	1225469		0	0	1	0	
58920	1225489		0	0	1	0	
58920	1225489		0	0	1	0	
58920	1225489		0	0	1	0	
57386	1225495		0	0	1	0	
61168	1225591		0	0	1	0	
43700	1225598		0	0	1	0	
43700	1225598		0	0	1	0	
43700	1225598		0	0	1	0	
43700	1225598		0	0	1	0	
40534	1225610		0	0	1	0	
51972	1225620		0	0	1	0	
58043	1225626		0	0	1	0	
61258	1225636		0	0	1	0	
58102	1225671		0	0	1	0	
58102	1225671		0	0	1	0	
58102	1225671		0	0	1	0	
61904	1225697		0	0	1	0	
61516	1225722		0	0	1	0	
61516	1225722		0	0	1	0	
61516	1225722		0	0	1	0	
61516	1225732		0	0	1	0	
61516	1225732		0	0	1	0	
61516	1225732		0	0	1	0	
58491	1225778		0	0	1	0	
58491	1225778		0	0	1	0	
51177	1225811		0	0	1	0	
51177	1225811		0	0	1	0	
46622	1225822		0	0	1	0	
46622	1225822		0	0	1	0	
46622	1225822		0	0	1	0	
46622	1225822		0	0	1	0	
46622	1225822		0	0	1	0	
46622	1225822		0	0	1	0	
46622	1225822		0	0	1	0	
46622	1225822		0	0	1	0	
53305	1225829		0	0	1	0	
53305	1225829		0	0	1	0	
53305	1225829		0	0	1	0	
53305	1225829		0	0	1	0	
53305	1225829		0	0	1	0	
53305	1225829		0	0	1	0	
60514	1225848		0	0	1	0	
60514	1225848		0	0	1	0	
57359	1225859		0	0	1	0	
57359	1225859		0	0	1	0	
60010	1225945		1	0	0	0	
51912	1226082		0	0	1	0	
51912	1226082		0	0	1	0	
51912	1226082		0	0	1	0	
49853	1226114		0	0	1	0	
49853	1226114		0	0	1	0	
49853	1226114		0	0	1	0	
50278	1226137		0	0	1	0	
50278	1226137		0	0	1	0	
50278	1226137		0	0	1	0	
56363	1226146		0	0	1	0	
56363	1226146		0	0	1	0	
56363	1226146		0	0	1	0	
49219	1226172		0	0	1	0	
49219	1226172		0	0	1	0	
60512	1226223		0	0	1	0	
60512	1226223		0	0	1	0	
60512	1226223		0	0	1	0	
60512	1226223		0	0	1	0	
59437	1226238		0	0	1	0	
59437	1226238		0	0	1	0	
53220	1226258		0	0	1	0	
53220	1226258		0	0	1	0	
60574	1226264		0	0	1	0	
60574	1226264		0	0	1	0	
55346	1226280		0	0	1	0	
55231	1226289		0	0	1	0	
55231	1226289		0	0	1	0	
55231	1226289		0	0	1	0	
48559	1226368		0	0	1	0	
48559	1226368		0	0	1	0	
48559	1226368		0	0	1	0	
48559	1226368		0	0	1	0	
60674	1226378		0	0	1	0	
60674	1226378		0	0	1	0	
58033	1226390		0	0	1	0	
58033	1226390		0	0	1	0	
60278	1226401		0	0	1	0	
60278	1226401		0	0	1	0	
51308	1227738		0	0	1	0	
43705	1227772		0	0	1	0	
51333	1227857		0	0	1	0	
51333	1227857		0	0	1	0	
51333	1227857		0	0	1	0	
51333	1227857		0	0	1	0	
51333	1227857		0	0	1	0	
46449	1227871		0	0	1	0	
46449	1227871		0	0	1	0	
46449	1227871		0	0	1	0	
46449	1227871		0	0	1	0	
46449	1227871		0	0	1	0	
46449	1227871		0	0	1	0	
46449	1227871		0	0	1	0	
56683	1227902		0	0	1	0	
56683	1227902		0	0	1	0	
56683	1227902		0	0	1	0	
39504	1227927		0	0	1	0	
55049	1227947		0	0	1	0	
55049	1227947		0	0	1	0	
55049	1227947		0	0	1	0	
55079	1228005		0	0	1	0	
60308	1228023		0	0	1	0	
60279	1228035		0	0	1	0	
60279	1228035		0	0	1	0	
60279	1228035		0	0	1	0	
49175	1228055		0	0	1	0	
56952	1228060		0	0	1	0	
56952	1228060		0	0	1	0	
58036	1228069		0	0	1	0	
58036	1228069		0	0	1	0	
49667	1228073		0	0	1	0	
49667	1228073		0	0	1	0	
49667	1228073		0	0	1	0	
57055	1228079		0	0	1	0	
57055	1228079		0	0	1	0	
57055	1228079		0	0	1	0	
56528	1228085		0	0	1	0	
56528	1228085		0	0	1	0	
56528	1228085		0	0	1	0	
60767	1228287		0	0	1	0	
60767	1228287		0	0	1	0	
60767	1228287		0	0	1	0	
60767	1228287		0	0	1	0	
60767	1228287		0	0	1	0	
60767	1228287		0	0	1	0	
52640	1228302		0	0	1	0	
61069	1228328		0	0	1	0	
61069	1228328		0	0	1	0	
59162	1228348		0	0	1	0	
51915	1228372		0	0	1	0	
51915	1228372		0	0	1	0	
60790	1228405		0	0	1	0	
51639	1228415		0	0	1	0	
51639	1228415		0	0	1	0	
49408	1228427		0	0	1	0	
56368	1228434		0	0	1	0	
56368	1228434		0	0	1	0	
51811	1228465		0	0	1	0	
51811	1228465		0	0	1	0	
51811	1228465		0	0	1	0	
51811	1228465		0	0	1	0	
45426	1228484		0	0	1	0	
45426	1228484		0	0	1	0	
45426	1228484		0	0	1	0	
45426	1228484		0	0	1	0	
45426	1228484		0	0	1	0	
58135	1228489		0	0	1	0	
53487	1228912		0	0	1	0	
53487	1228912		0	0	1	0	
56340	1228958		0	0	1	0	
56340	1228958		0	0	1	0	
59329	1228967		1	0	0	0	
59329	1228967		1	0	0	0	
59329	1228967		1	0	0	0	
42224	1228974		0	0	1	0	
42224	1228974		0	0	1	0	
42224	1228974		0	0	1	0	
45732	1228991		0	0	1	0	
45732	1228991		0	0	1	0	
56125	1229017		0	0	1	0	
56125	1229017		0	0	1	0	
56125	1229017		0	0	1	0	
40750	1229026		1	0	0	0	
40750	1229026		1	0	0	0	
40750	1229026		1	0	0	0	
47127	1229032		0	0	1	0	
47127	1229032		0	0	1	0	
47127	1229032		0	0	1	0	
47127	1229032		0	0	1	0	
46913	1229038		0	0	1	0	
46913	1229038		0	0	1	0	
47232	1229043		0	0	1	0	
47232	1229043		0	0	1	0	
47232	1229043		0	0	1	0	
47232	1229043		0	0	1	0	
59015	1229049		0	0	1	0	
59015	1229049		0	0	1	0	
59015	1229049		0	0	1	0	
52462	1229055		0	0	1	0	
59267	1229066		0	0	1	0	
59267	1229066		0	0	1	0	
61762	1229071		0	0	1	0	
61762	1229071		0	0	1	0	
62102	1229077		0	0	1	0	
50412	1229211		0	0	1	0	
50412	1229211		0	0	1	0	
50412	1229211		0	0	1	0	
49295	1229266		0	0	1	0	
49295	1229266		0	0	1	0	
49295	1229266		0	0	1	0	
50531	1229285		0	0	1	0	
50531	1229285		0	0	1	0	
50531	1229285		0	0	1	0	
50531	1229285		0	0	1	0	
51212	1229295		0	0	1	0	
50370	1229318		0	0	1	0	
50370	1229318		0	0	1	0	
50370	1229318		0	0	1	0	
58020	1229328		0	0	1	0	
58020	1229328		0	0	1	0	
46901	1229333		0	0	1	0	
57321	1229340		0	0	1	0	
57321	1229340		0	0	1	0	
38432	1229350		0	0	1	0	
38432	1229350		0	0	1	0	
58795	1229366		0	0	1	0	
58795	1229366		0	0	1	0	
58795	1229366		0	0	1	0	
59448	1229624		0	0	1	0	
59448	1229624		0	0	1	0	
59448	1229624		0	0	1	0	
61354	1229495		0	0	1	0	
58405	1229504		0	0	1	0	
56947	1229547		0	0	1	0	
56947	1229547		0	0	1	0	
57602	1229579		0	0	1	0	
41780	1229639		0	0	1	0	
41780	1229639		0	0	1	0	
41780	1229639		0	0	1	0	
52026	1229647		0	0	1	0	
52026	1229647		0	0	1	0	
52026	1229647		0	0	1	0	
61970	1224621		0	0	0	1	
50481	1224628		0	0	0	1	
43799	1224634		0	0	0	1	
43799	1224634		0	0	0	1	
62537	1224643		0	0	0	1	
62537	1224643		0	0	0	1	
62537	1224643		0	0	0	1	
62537	1224643		0	0	0	1	
61133	1224653		0	0	0	1	
44288	1224661		0	0	0	1	
44288	1224661		0	0	0	1	
44288	1224661		0	0	0	1	
62327	1224669		0	0	0	1	
62327	1224669		0	0	0	1	
60815	1224670		0	0	0	1	
60815	1224670		0	0	0	1	
56324	1224678		1	0	0	0	
56324	1224678		1	0	0	0	
61973	1224694		0	0	0	1	
49044	1224706		0	0	0	1	
49044	1224706		0	0	0	1	
49044	1224706		0	0	0	1	
49044	1224706		0	0	0	1	
44057	1224714		0	0	0	1	
44057	1224714		0	0	0	1	
44057	1224714		0	0	0	1	
56312	1224717		0	0	0	1	
56312	1224717		0	0	0	1	
54297	1224734		0	0	0	1	
50442	1224756		0	0	0	1	
50442	1224756		0	0	0	1	
50442	1224756		0	0	0	1	
60661	1224747		0	0	0	1	
60712	1225145		0	0	0	1	
60712	1225145		0	0	0	1	
60712	1225145		0	0	0	1	
49058	1225171		0	0	0	1	
52191	1225176		0	0	0	1	
60753	1225182		0	0	0	1	
60753	1225182		0	0	0	1	
59232	1225188		0	0	0	1	
59232	1225188		0	0	0	1	
60481	1225193		0	0	0	1	
51034	1224757		0	0	0	1	
51034	1224757		0	0	0	1	
51034	1224757		0	0	0	1	
57008	1225199		0	0	0	1	
57008	1225199		0	0	0	1	
61371	1225204		0	0	0	1	
61371	1225204		0	0	0	1	
61371	1225204		0	0	0	1	
57659	1224758		0	0	0	1	
57659	1224758		0	0	0	1	
62438	1225209		0	0	0	1	
62438	1225209		0	0	0	1	
61310	1224760		0	0	0	1	
61310	1224760		0	0	0	1	
61310	1224760		0	0	0	1	
61310	1224760		0	0	0	1	
46500	1225218		0	0	0	1	
59170	1225222		0	0	0	1	
57411	1224761		0	0	0	1	
57411	1224761		0	0	0	1	
58612	1225231		0	0	0	1	
60244	1225241		0	0	0	1	
59171	1225245		0	0	0	1	
58446	1224763		0	0	0	1	
58502	1225250		0	0	0	1	
62178	1225258		0	0	0	1	
62178	1225258		0	0	0	1	
62178	1225258		0	0	0	1	
62178	1225258		0	0	0	1	
43712	1225264		0	0	0	1	
54777	1224764		0	0	0	1	
54777	1224764		0	0	0	1	
56922	1225269		0	0	0	1	
56922	1225269		0	0	0	1	
56922	1225269		0	0	0	1	
56922	1225269		0	0	0	1	
58901	1225278		0	0	0	1	
58901	1225278		0	0	0	1	
55612	1225284		0	0	0	1	
49495	1224765		0	0	0	1	
49495	1224765		0	0	0	1	
56557	1224767		0	0	0	1	
56557	1224767		0	0	0	1	
56557	1224767		0	0	0	1	
52579	1225358		0	0	0	1	
52579	1225358		0	0	0	1	
52579	1225358		0	0	0	1	
57675	1224769		0	0	0	1	
59439	1224772		0	0	0	1	
59439	1224772		0	0	0	1	
57190	1224773		0	0	0	1	
57190	1224773		0	0	0	1	
56761	1224775		0	0	0	1	
59425	1224776		0	0	0	1	
59425	1224776		0	0	0	1	
59425	1224776		0	0	0	1	
47849	1224777		0	0	0	1	
47849	1224777		0	0	0	1	
47849	1224777		0	0	0	1	
57499	1224778		0	0	0	1	
57499	1224778		0	0	0	1	
57499	1224778		0	0	0	1	
52969	1225336		0	0	0	1	
46321	1224780		0	0	0	1	
46321	1224780		0	0	0	1	
53580	1225373		0	0	0	1	
43797	1225381		0	0	0	1	
43797	1225381		0	0	0	1	
53948	1224781		0	0	0	1	
53948	1224781		0	0	0	1	
53948	1224781		0	0	0	1	
53948	1224781		0	0	0	1	
59447	1224783		0	0	0	1	
59447	1224783		0	0	0	1	
59447	1224783		0	0	0	1	
59447	1224783		0	0	0	1	
47170	1224785		0	0	0	1	
47170	1224785		0	0	0	1	
60596	1224790		0	0	0	1	
60596	1224790		0	0	0	1	
60596	1224790		0	0	0	1	
60596	1224790		0	0	0	1	
61906	1224792		0	0	0	1	
61906	1224792		0	0	0	1	
59408	1224793		0	0	0	1	
61654	1224795		0	0	0	1	
61654	1224795		0	0	0	1	
61654	1224795		0	0	0	1	
61654	1224795		0	0	0	1	
61024	1224796		0	0	0	1	
61986	1224798		0	0	0	1	
61986	1224798		0	0	0	1	
61986	1224798		0	0	0	1	
61986	1224798		0	0	0	1	
61986	1224798		0	0	0	1	
60283	1224800		0	0	0	1	
53817	1224801		0	0	0	1	
53817	1224801		0	0	0	1	
60141	1224803		0	0	0	1	
60141	1224803		0	0	0	1	
60141	1224803		0	0	0	1	
59776	1224804		0	0	0	1	
59776	1224804		0	0	0	1	
56132	1224806		0	0	0	1	
56132	1224806		0	0	0	1	
56132	1224806		0	0	0	1	
56132	1224806		0	0	0	1	
47508	1229241		0	0	0	1	
47508	1229241		0	0	0	1	
47508	1229241		0	0	0	1	
47508	1229241		0	0	0	1	
47508	1229241		0	0	0	1	
47508	1229241		0	0	0	1	
47508	1229241		0	0	0	1	
50896	1224810		0	0	0	1	
50896	1224810		0	0	0	1	
50896	1224810		0	0	0	1	
55977	1224811		0	0	0	1	
55977	1224811		0	0	0	1	
55977	1224811		0	0	0	1	
60853	1224812		0	0	0	1	
54208	1224813		0	0	0	1	
54208	1224813		0	0	0	1	
54208	1224813		0	0	0	1	
60692	1224815		0	0	0	1	
60692	1224815		0	0	0	1	
51828	1224817		0	0	0	1	
51828	1224817		0	0	0	1	
51828	1224817		0	0	0	1	
51828	1224817		0	0	0	1	
45928	1224821		0	0	0	1	
45928	1224821		0	0	0	1	
45928	1224821		0	0	0	1	
61388	1224822		0	0	0	1	
61388	1224822		0	0	0	1	
52808	1224826		0	0	0	1	
52808	1224826		0	0	0	1	
55223	1224828		0	0	0	1	
55223	1224828		0	0	0	1	
51019	1224830		0	0	0	1	
58720	1224835		0	0	0	1	
58720	1224835		0	0	0	1	
51420	1225418		0	0	0	1	
52342	1224842		0	0	0	1	
52342	1224842		0	0	0	1	
52342	1224842		0	0	0	1	
56362	1224843		0	0	0	1	
56362	1224843		0	0	0	1	
56362	1224843		0	0	0	1	
60299	1224849		0	0	0	1	
60299	1224849		0	0	0	1	
59865	1224850		0	0	0	1	
56905	1224853		0	0	0	1	
56905	1224853		0	0	0	1	
56905	1224853		0	0	0	1	
56905	1224853		0	0	0	1	
56905	1224853		0	0	0	1	
56905	1224853		0	0	0	1	
47746	1225430		0	0	0	1	
54452	1224855		0	0	0	1	
58703	1224858		0	0	0	1	
59330	1229231		0	0	0	1	
57801	1224861		0	0	0	1	
57801	1224861		0	0	0	1	
57801	1224861		0	0	0	1	
61774	1224864		0	0	0	1	
61774	1224864		0	0	0	1	
61774	1224864		0	0	0	1	
61774	1224864		0	0	0	1	
56024	1224870		0	0	0	1	
56024	1224870		0	0	0	1	
56024	1224870		0	0	0	1	
61280	1224872		0	0	0	1	
61440	1224873		0	0	0	1	
54047	1224878		0	0	0	1	
54047	1224878		0	0	0	1	
54047	1224878		0	0	0	1	
55143	1224882		0	0	0	1	
58691	1224887		0	0	0	1	
58691	1224887		0	0	0	1	
51718	1224889		0	0	0	1	
51718	1224889		0	0	0	1	
51718	1224889		0	0	0	1	
51718	1224889		0	0	0	1	
53099	1229019		0	0	0	1	
53099	1229019		0	0	0	1	
53099	1229019		0	0	0	1	
51779	1224890		0	0	0	1	
51779	1224890		0	0	0	1	
60446	1224891		0	0	0	1	
60766	1229007		0	0	0	1	
60766	1229007		0	0	0	1	
60766	1229007		0	0	0	1	
40985	1229002		0	0	0	1	
40985	1229002		0	0	0	1	
40985	1229002		0	0	0	1	
49921	1224892		0	0	0	1	
49921	1224892		0	0	0	1	
49921	1224892		0	0	0	1	
55986	1224893		0	0	0	1	
55986	1224893		0	0	0	1	
53447	1224895		0	0	0	1	
53447	1224895		0	0	0	1	
53447	1224895		0	0	0	1	
53447	1224895		0	0	0	1	
56016	1224897		0	0	0	1	
56016	1224897		0	0	0	1	
56016	1224897		0	0	0	1	
56016	1224897		0	0	0	1	
56016	1224897		0	0	0	1	
51662	1229134		0	0	0	1	
51662	1229134		0	0	0	1	
51662	1229134		0	0	0	1	
57756	1224899		0	0	0	1	
57261	1224901		0	0	0	1	
57261	1224901		0	0	0	1	
53295	1224903		0	0	0	1	
53295	1224903		0	0	0	1	
61958	1229124		0	0	0	1	
61958	1229124		0	0	0	1	
51706	1224906		0	0	0	1	
51706	1224906		0	0	0	1	
51706	1224906		0	0	0	1	
51706	1224906		0	0	0	1	
44032	1229119		0	0	0	1	
54904	1224908		0	0	0	1	
54904	1224908		0	0	0	1	
51607	1229114		0	0	0	1	
42462	1224910		0	0	0	1	
42462	1224910		0	0	0	1	
42462	1224910		0	0	0	1	
42462	1224910		0	0	0	1	
57814	1224912		0	0	0	1	
57814	1224912		0	0	0	1	
57814	1224912		0	0	0	1	
54211	1229107		0	0	0	1	
54211	1229107		0	0	0	1	
59386	1224919		0	0	0	1	
43732	1224922		0	0	0	1	
43732	1224922		0	0	0	1	
43732	1224922		0	0	0	1	
43732	1224922		0	0	0	1	
43732	1224922		0	0	0	1	
46451	1224926		0	0	0	1	
46451	1224926		0	0	0	1	
46451	1224926		0	0	0	1	
46451	1224926		0	0	0	1	
52418	1225343		0	0	0	1	
56015	1224928		0	0	0	1	
56015	1224928		0	0	0	1	
56015	1224928		0	0	0	1	
56015	1224928		0	0	0	1	
46559	1224929		0	0	0	1	
46559	1224929		0	0	0	1	
53137	1224930		0	0	0	1	
53137	1224930		0	0	0	1	
56178	1225349		0	0	0	1	
56178	1225349		0	0	0	1	
46477	1224932		0	0	0	1	
46477	1224932		0	0	0	1	
46477	1224932		0	0	0	1	
54102	1224933		0	0	0	1	
54102	1224933		0	0	0	1	
54102	1224933		0	0	0	1	
55502	1224935		0	0	0	1	
55502	1224935		0	0	0	1	
55502	1224935		0	0	0	1	
60731	1224937		0	0	0	1	
59954	1224939		0	0	0	1	
59954	1224939		0	0	0	1	
59954	1224939		0	0	0	1	
60715	1224940		0	0	0	1	
51277	1229166		0	0	0	1	
51277	1229166		0	0	0	1	
51277	1229166		0	0	0	1	
52230	1229159		0	0	0	1	
52230	1229159		0	0	0	1	
59975	1224942		0	0	0	1	
59975	1224942		0	0	0	1	
59975	1224942		0	0	0	1	
59975	1224942		0	0	0	1	
59426	1224944		0	0	0	1	
59426	1224944		0	0	0	1	
50555	1224945		0	0	0	1	
50555	1224945		0	0	0	1	
50555	1224945		0	0	0	1	
55105	1224946		0	0	0	1	
55105	1224946		0	0	0	1	
55105	1224946		0	0	0	1	
61514	1229150		0	0	0	1	
61514	1229150		0	0	0	1	
52336	1229142		0	0	0	1	
52336	1229142		0	0	0	1	
52336	1229142		0	0	0	1	
48253	1224947		0	0	0	1	
48253	1224947		0	0	0	1	
52837	1224949		0	0	0	1	
52837	1224949		0	0	0	1	
52837	1224949		0	0	0	1	
60644	1224951		0	0	0	1	
60644	1224951		0	0	0	1	
59696	1224952		0	0	0	1	
59696	1224952		0	0	0	1	
57225	1224955		0	0	0	1	
57225	1224955		0	0	0	1	
46982	1224956		0	0	0	1	
46982	1224956		0	0	0	1	
46982	1224956		0	0	0	1	
46982	1224956		0	0	0	1	
54199	1229278		0	0	0	1	
54199	1229278		0	0	0	1	
54199	1229278		0	0	0	1	
54199	1229278		0	0	0	1	
61473	1224957		0	0	0	1	
61107	1224959		0	0	0	1	
61682	1224963		0	0	0	1	
50228	1224969		0	0	0	1	
50228	1224969		0	0	0	1	
50228	1224969		0	0	0	1	
61306	1224972		0	0	0	1	
61306	1224972		0	0	0	1	
52071	1224977		0	0	0	1	
52071	1224977		0	0	0	1	
52071	1224977		0	0	0	1	
52071	1224977		0	0	0	1	
52071	1224977		0	0	0	1	
58369	1224979		0	0	0	1	
58369	1224979		0	0	0	1	
58369	1224979		0	0	0	1	
50484	1224980		0	0	0	1	
50484	1224980		0	0	0	1	
50484	1224980		0	0	0	1	
61029	1228965		0	0	0	1	
61892	1224981		0	0	0	1	
61892	1224981		0	0	0	1	
57491	1224983		0	0	0	1	
57491	1224983		0	0	0	1	
57491	1224983		0	0	0	1	
61731	1224984		0	0	0	1	
62010	1224986		0	0	0	1	
62010	1224986		0	0	0	1	
62010	1224986		0	0	0	1	
62010	1224986		0	0	0	1	
56179	1224990		0	0	0	1	
52381	1224991		0	0	0	1	
52381	1224991		0	0	0	1	
48380	1224993		0	0	0	1	
48380	1224993		0	0	0	1	
48380	1224993		0	0	0	1	
58150	1224994		0	0	0	1	
58150	1224994		0	0	0	1	
58150	1224994		0	0	0	1	
47068	1224995		0	0	0	1	
47068	1224995		0	0	0	1	
45747	1228936		0	0	0	1	
45747	1228936		0	0	0	1	
56413	1228917		0	0	0	1	
56413	1228917		0	0	0	1	
60565	1224996		0	0	0	1	
60565	1224996		0	0	0	1	
58738	1224997		0	0	0	1	
58738	1224997		0	0	0	1	
61968	1224998		0	0	0	1	
61968	1224998		0	0	0	1	
61968	1224998		0	0	0	1	
61968	1224998		0	0	0	1	
49927	1228898		0	0	0	1	
36962	1224999		0	0	0	1	
36962	1224999		0	0	0	1	
36962	1224999		0	0	0	1	
36962	1224999		0	0	0	1	
36962	1224999		0	0	0	1	
36962	1224999		0	0	0	1	
58370	1225005		0	0	0	1	
58370	1225005		0	0	0	1	
58370	1225005		0	0	0	1	
49803	1228889		0	0	0	1	
61715	1228880		0	0	0	1	
61715	1228880		0	0	0	1	
51269	1228871		0	0	0	1	
54593	1225006		0	0	0	1	
54593	1225006		0	0	0	1	
54593	1225006		0	0	0	1	
52216	1228862		0	0	0	1	
52068	1228233		0	0	0	1	
52068	1228233		0	0	0	1	
52068	1228233		0	0	0	1	
52068	1228233		0	0	0	1	
58051	1225290		0	0	0	1	
58051	1225290		0	0	0	1	
60470	1228839		0	0	0	1	
52859	1228820		0	0	0	1	
56871	1228813		0	0	0	1	
56871	1228813		0	0	0	1	
56871	1228813		0	0	0	1	
61624	1228809		0	0	0	1	
61624	1228809		0	0	0	1	
61624	1228809		0	0	0	1	
61624	1228809		0	0	0	1	
45752	1228222		0	0	0	1	
45752	1228222		0	0	0	1	
47800	1228802		0	0	0	1	
47800	1228802		0	0	0	1	
47800	1228802		0	0	0	1	
60285	1225295		0	0	0	1	
56014	1228794		0	0	0	1	
61152	1225309		0	0	0	1	
61152	1225309		0	0	0	1	
61152	1225309		0	0	0	1	
60873	1225303		0	0	0	1	
60873	1225303		0	0	0	1	
47161	1228784		0	0	0	1	
47161	1228784		0	0	0	1	
47161	1228784		0	0	0	1	
52153	1228781		0	0	0	1	
52153	1228781		0	0	0	1	
52153	1228781		0	0	0	1	
52153	1228781		0	0	0	1	
49870	1228777		0	0	0	1	
49870	1228777		0	0	0	1	
49870	1228777		0	0	0	1	
49870	1228777		0	0	0	1	
60275	1228732		0	0	0	1	
60746	1228715		0	0	0	1	
60746	1228715		0	0	0	1	
61765	1228703		0	0	0	1	
61765	1228703		0	0	0	1	
62128	1228694		0	0	0	1	
47377	1228688		0	0	0	1	
47377	1228688		0	0	0	1	
47377	1228688		0	0	0	1	
47377	1228688		0	0	0	1	
42782	1228668		0	0	0	1	
42782	1228668		0	0	0	1	
53063	1228660		0	0	0	1	
53063	1228660		0	0	0	1	
53063	1228660		0	0	0	1	
53063	1228660		0	0	0	1	
53063	1228660		0	0	0	1	
60888	1228647		1	0	0	0	
61582	1225313		0	0	0	1	
61582	1225313		0	0	0	1	
61582	1225313		0	0	0	1	
42946	1228638		0	0	0	1	
42946	1228638		0	0	0	1	
42946	1228638		0	0	0	1	
42946	1228638		0	0	0	1	
55132	1225318		0	0	0	1	
55132	1225318		0	0	0	1	
55132	1225318		0	0	0	1	
51470	1225325		0	0	0	1	
51470	1225325		0	0	0	1	
51470	1225325		0	0	0	1	
59674	1228629		0	0	0	1	
59674	1228629		0	0	0	1	
61796	1228623		0	0	0	1	
61796	1228623		0	0	0	1	
61796	1228623		0	0	0	1	
60929	1228423		0	0	0	1	
60929	1228423		0	0	0	1	
57217	1228413		0	0	0	1	
49233	1228388		0	0	0	1	
49233	1228388		0	0	0	1	
49233	1228388		0	0	0	1	
53301	1228378		0	0	0	1	
53301	1228378		0	0	0	1	
53301	1228378		0	0	0	1	
61415	1228359		0	0	0	1	
61415	1228359		0	0	0	1	
61415	1228359		0	0	0	1	
54174	1228342		0	0	0	1	
54174	1228342		0	0	0	1	
53437	1228324		0	0	0	1	
53437	1228324		0	0	0	1	
51739	1228316		0	0	0	1	
62073	1228310		0	0	0	1	
62073	1228310		0	0	0	1	
62073	1228310		0	0	0	1	
62075	1228303		0	0	0	1	
62075	1228303		0	0	0	1	
61656	1228291		0	0	0	1	
61656	1228291		0	0	0	1	
61656	1228291		0	0	0	1	
61656	1228291		0	0	0	1	
60612	1228288		0	0	0	1	
60612	1228288		0	0	0	1	
52641	1228278		0	0	0	1	
52641	1228278		0	0	0	1	
58934	1226096		0	0	0	1	
58934	1226096		0	0	0	1	
60911	1228257		0	0	0	1	
59751	1228243		0	0	0	1	
59751	1228243		0	0	0	1	
56680	1228211		0	0	0	1	
56680	1228211		0	0	0	1	
56680	1228211		0	0	0	1	
60140	1228204		0	0	0	1	
60140	1228204		0	0	0	1	
57082	1228198		0	0	0	1	
59659	1228191		0	0	0	1	
59659	1228191		0	0	0	1	
59659	1228191		0	0	0	1	
55906	1226234		0	0	0	1	
55906	1226234		0	0	0	1	
55906	1226234		0	0	0	1	
55906	1226234		0	0	0	1	
55906	1226234		0	0	0	1	
60388	1226220		0	0	0	1	
46485	1226208		0	0	0	1	
61753	1226201		0	0	0	1	
61826	1226191		0	0	0	1	
61826	1226191		0	0	0	1	
56259	1226184		0	0	0	1	
56259	1226184		0	0	0	1	
56259	1226184		0	0	0	1	
54737	1226091		0	0	0	1	
54737	1226091		0	0	0	1	
61085	1226177		0	0	0	1	
55896	1226167		0	0	0	1	
59051	1226161		0	0	0	1	
59051	1226161		0	0	0	1	
59051	1226161		0	0	0	1	
59051	1226161		0	0	0	1	
40287	1226152		0	0	0	1	
53865	1226145		0	0	0	1	
53865	1226145		0	0	0	1	
53865	1226145		0	0	0	1	
53865	1226145		0	0	0	1	
61217	1226134		0	0	0	1	
61123	1226120		0	0	0	1	
53824	1226109		0	0	0	1	
53824	1226109		0	0	0	1	
53824	1226109		0	0	0	1	
53824	1226109		0	0	0	1	
62489	1226101		0	0	0	1	
62489	1226101		0	0	0	1	
62489	1226101		0	0	0	1	
61127	1226083		0	0	0	1	
61141	1226075		0	0	0	1	
60795	1226070		0	0	0	1	
60795	1226070		0	0	0	1	
60795	1226070		0	0	0	1	
62108	1226065		0	0	0	1	
44725	1226059		0	0	0	1	
44725	1226059		0	0	0	1	
44725	1226059		0	0	0	1	
44725	1226059		0	0	0	1	
44725	1226059		0	0	0	1	
59735	1226054		0	0	1	0	
59735	1226054		0	0	1	0	
59735	1226054		0	0	1	0	
62297	1226049		0	0	0	1	
58994	1226044		0	0	0	1	
58994	1226044		0	0	0	1	
60000	1225893		0	0	0	1	
58630	1225882		0	0	0	1	
58630	1225882		0	0	0	1	
58630	1225882		0	0	0	1	
58630	1225882		0	0	0	1	
53784	1225872		0	0	0	1	
53784	1225872		0	0	0	1	
53784	1225872		0	0	0	1	
59467	1225795		0	0	0	1	
52913	1225785		0	0	0	1	
54077	1225843		0	0	0	1	
54077	1225843		0	0	0	1	
59292	1225837		0	0	0	1	
58371	1225770		0	0	0	1	
58371	1225770		0	0	0	1	
41868	1225763		0	0	0	1	
61383	1225823		0	0	0	1	
61384	1225812		0	0	0	1	
61384	1225812		0	0	0	1	
61384	1225812		0	0	0	1	
47763	1225745		0	0	0	1	
47763	1225745		0	0	0	1	
47763	1225745		0	0	0	1	
57235	1225734		0	0	0	1	
57235	1225734		0	0	0	1	
61945	1225726		0	0	0	1	
61296	1225714		0	0	0	1	
61296	1225714		0	0	0	1	
60807	1225695		0	0	0	1	
60807	1225695		0	0	0	1	
60892	1225683		0	0	0	1	
60892	1225683		0	0	0	1	
60892	1225683		0	0	0	1	
60892	1225683		0	0	0	1	
59382	1225664		0	0	0	1	
57827	1225756		0	0	0	1	
58089	1225772		0	0	0	1	
60694	1225786		0	0	0	1	
61571	1226298		0	0	0	1	
45972	1226347		0	0	0	1	
45972	1226347		0	0	0	1	
43135	1226325		0	0	0	1	
61062	1226684		0	0	0	1	
61062	1226684		0	0	0	1	
42420	1226722		0	0	0	1	
42420	1226722		0	0	0	1	
56421	1226714		0	0	0	1	
56421	1226714		0	0	0	1	
56195	1226743		0	0	0	1	
56195	1226743		0	0	0	1	
56195	1226743		0	0	0	1	
59384	1226748		0	0	0	1	
49499	1228857		0	0	0	1	
49499	1228857		0	0	0	1	
36945	1228864		0	0	0	1	
36945	1228864		0	0	0	1	
55773	1228904		0	0	0	1	
55773	1228904		0	0	0	1	
59507	1228954		0	0	0	1	
59507	1228954		0	0	0	1	
1013			11	2	284	716	
