Wed Mar 18 10:58:09 2020
GCodes Entered from 01/01/2019 thru 12/31/2019 Medicare 
TrID	
1224613	
1224432	
1224611	
1224612	
1224437	
1224615	
1224623	
1224441	
1224639	
1224642	
1224644	
1219397	
1219410	
1224672	
1224677	
1224660	
1224654	
1224655	
1224664	
1219491	
1219495	
1224728	
1224736	
1224741	
1224742	
1224748	
1224759	
1224766	
1224771	
1224774	
1224782	
1224786	
1224789	
1224794	
1224814	
1224820	
1224823	
1224832	
1224834	
1224839	
1224841	
1224848	
1225713	
1225716	
1228196	
1228199	
1228200	
1228202	
1228207	
1219892	
1219894	
1228259	
1228262	
1228264	
1228267	
1228332	
1228334	
1228337	
1228350	
1228353	
1222577	
1219632	
1219642	
1228614	
1228615	
1228616	
1228617	
1228618	
1228621	
1228625	
1219597	
1219594	
1228631	
1219668	
1228633	
1219673	
1228642	
1228648	
1219685	
1219686	
1228656	
1228658	
1228661	
1228662	
1219688	
1219689	
1228670	
1228671	
1228673	
1228674	
1228682	
1228684	
1228687	
1228695	
1228697	
1228701	
1228704	
1228711	
1228719	
1228721	
1228728	
1228744	
1228753	
1228754	
1228757	
1228760	
1228765	
1219699	
1219700	
1219705	
1222579	
1219896	
1219897	
1219898	
1219899	
1219900	
1219902	
1219903	
1219906	
1219907	
1219904	
1219908	
1219909	
1219910	
1219974	
1219981	
1219982	
1219983	
1219984	
1221045	
1219918	
1219921	
1221047	
1221051	
1221056	
1221063	
1221066	
1221073	
1221078	
1219929	
1219932	
1220277	
1220283	
1219979	
1219988	
1219996	
1220171	
1220174	
1220177	
1220189	
1220179	
1220181	
1220182	
1220191	
1220192	
1220193	
1220198	
1220203	
1220212	
1220216	
1220223	
1220229	
1220261	
1220264	
1220295	
1220299	
1220300	
1220327	
1220330	
1220340	
1220355	
1220368	
1220384	
1220395	
1220418	
1220423	
1220660	
1220661	
1220663	
1220664	
1220667	
1220668	
1220670	
1220684	
1220694	
1220698	
1220699	
1220702	
1220707	
1220712	
1220714	
1220715	
1220721	
1220726	
1220732	
1220735	
1220743	
1220748	
1220752	
1220754	
1220757	
1220763	
1220764	
1220773	
1220775	
1220780	
1220781	
1220783	
1220788	
1220789	
1220793	
1220794	
1220798	
1220805	
1220810	
1220820	
1220821	
1220827	
1220829	
1220832	
1220834	
1220839	
1220841	
1220855	
1220864	
1219978	
1221285	
1219976	
1221291	
1219940	
1219943	
1219947	
1219945	
1219958	
1219959	
1219960	
1219962	
1219965	
1219968	
1219970	
1219973	
1221306	
1221309	
1224010	
1224024	
1224050	
1224079	
1221322	
1221326	
1224072	
1224089	
1224099	
1224111	
1224123	
1224130	
1224145	
1224152	
1219986	
1224155	
1224161	
1224175	
1224182	
1224196	
1219957	
1224207	
1224217	
1224231	
1224238	
1224244	
1224251	
1224257	
1219990	
1224279	
1219993	
1224328	
1224343	
1224358	
1224362	
1224368	
1224372	
1224602	
1224603	
1224424	
1219998	
1224433	
1224470	
1224472	
1224476	
1220002	
1224481	
1224482	
1224483	
1224604	
1224608	
1224609	
1224662	
1224666	
1220003	
1224671	
1220004	
1224681	
1220006	
1224707	
1224711	
1224721	
1224723	
1224726	
1224730	
1224845	
1224854	
1224857	
1224860	
1224877	
1224875	
1224880	
1224881	
1224894	
1224896	
1224898	
1224900	
1220008	
1224907	
1224902	
1224905	
1224920	
1224921	
1224923	
1224927	
1224936	
1224938	
1224941	
1224943	
1220009	
1224948	
1224950	
1224954	
1224958	
1224960	
1224964	
1224967	
1224974	
1224978	
1224987	
1224989	
1225014	
1225015	
1225016	
1225017	
1225018	
1225211	
1225212	
1225215	
1225224	
1225230	
1225232	
1225233	
1225234	
1225236	
1225260	
1225254	
1225257	
1225259	
1225270	
1225271	
1225274	
1225276	
1225279	
1225299	
1225302	
1225304	
1225319	
1225321	
1225324	
1225327	
1225329	
1225383	
1225386	
1225389	
1225390	
1225392	
1225402	
1225436	
1225438	
1225441	
1225442	
1225444	
1225452	
1225453	
1225454	
1225456	
1225466	
1225467	
1225468	
1225485	
1225486	
1225487	
1225488	
1225489	
1225490	
1225491	
1225493	
1225494	
1225495	
1225496	
1225497	
1225498	
1225500	
1225591	
1220010	
1225596	
1225598	
1225600	
1225601	
1225603	
1225604	
1225607	
1225610	
1225612	
1225614	
1225616	
1225617	
1225620	
1225621	
1225622	
1225623	
1225624	
1225626	
1225628	
1225630	
1225632	
1225634	
1225636	
1225659	
1225661	
1225665	
1225668	
1225671	
1225697	
1225681	
1225685	
1225693	
1225691	
1220015	
1220020	
1225708	
1225712	
1225720	
1225722	
1225732	
1225749	
1225771	
1225775	
1225776	
1225778	
1225787	
1225803	
1225806	
1225809	
1220024	
1225814	
1225815	
1225816	
1220026	
1225825	
1225827	
1225828	
1225829	
1225833	
1220180	
1225841	
1225844	
1225846	
1225847	
1225848	
1225852	
1225855	
1225857	
1225859	
1225860	
1225941	
1225942	
1225943	
1225945	
1220183	
1226078	
1226079	
1226082	
1226084	
1226085	
1226086	
1226111	
1226112	
1226114	
1220185	
1220322	
1226125	
1226126	
1226132	
1226136	
1226137	
1220328	
1226142	
1226144	
1226146	
1226147	
1226168	
1226169	
1226170	
1226172	
1226174	
1226212	
1226214	
1226218	
1226221	
1226223	
1226229	
1226233	
1226235	
1226236	
1226238	
1226241	
1226244	
1226256	
1226258	
1226254	
1226259	
1226261	
1226262	
1226276	
1226277	
1226278	
1226279	
1226280	
1226284	
1226285	
1226286	
1226288	
1226289	
1226360	
1226361	
1226363	
1226366	
1226368	
1221290	
1221292	
1221293	
1221294	
1220335	
1220341	
1220519	
1226373	
1226374	
1226375	
1226376	
1226378	
1226379	
1226380	
1226383	
1226385	
1226390	
1220351	
1226392	
1226394	
1226397	
1226401	
1227730	
1227732	
1227735	
1227737	
1227738	
1220359	
1227766	
1227767	
1227768	
1227770	
1227772	
1227806	
1227808	
1227811	
1227856	
1227857	
1220371	
1227861	
1227862	
1227864	
1227871	
1227887	
1227886	
1227899	
1227900	
1227902	
1227917	
1227920	
1227921	
1227925	
1227927	
1220380	
1220383	
1227930	
1227943	
1227945	
1227947	
1220389	
1228003	
1227996	
1227997	
1227999	
1228005	
1228010	
1228019	
1228011	
1228018	
1228023	
1220396	
1228035	
1228031	
1228032	
1228034	
1220405	
1228051	
1228052	
1228053	
1228054	
1228055	
1220411	
1228056	
1228057	
1228059	
1228060	
1220414	
1228063	
1228064	
1228066	
1228068	
1228069	
1220417	
1228070	
1228071	
1228072	
1228073	
1220430	
1228074	
1228075	
1228076	
1228079	
1228080	
1228082	
1228083	
1228084	
1228085	
1220440	
1220442	
1228276	
1228279	
1228280	
1228282	
1228287	
1220447	
1228292	
1228296	
1228298	
1228300	
1228302	
1228318	
1228321	
1228325	
1228327	
1228328	
1228339	
1228341	
1228343	
1228346	
1228348	
1228372	
1228358	
1228362	
1228368	
1228370	
1228399	
1228401	
1228403	
1228404	
1228405	
1228411	
1228408	
1228409	
1228414	
1228415	
1228422	
1228424	
1228425	
1228426	
1228427	
1228429	
1228430	
1228431	
1228432	
1228434	
1220453	
1228439	
1228462	
1228464	
1228465	
1228477	
1228480	
1228481	
1228482	
1228484	
1220460	
1228486	
1228487	
1228488	
1228489	
1220471	
1220476	
1220496	
1220498	
1220505	
1220516	
1220518	
1220521	
1220526	
1220529	
1220530	
1220537	
1220540	
1220541	
1220543	
1220544	
1220545	
1220546	
1220548	
1220673	
1220676	
1220680	
1220688	
1220799	
1220826	
1220828	
1220831	
1220833	
1220843	
1220844	
1220863	
1220868	
1220884	
1220894	
1220913	
1220920	
1220937	
1220947	
1220950	
1220967	
1220992	
1220998	
1221005	
1221013	
1221015	
1221020	
1221022	
1221026	
1221054	
1221059	
1221067	
1221070	
1221076	
1221079	
1221082	
1221086	
1221090	
1221099	
1221104	
1221113	
1221117	
1221377	
1221383	
1221389	
1221396	
1221401	
1221402	
1221405	
1221415	
1221419	
1221423	
1221428	
1221435	
1221437	
1221454	
1221464	
1221477	
1221489	
1221497	
1221509	
1221521	
1221536	
1221551	
1221572	
1221576	
1221606	
1221622	
1221628	
1221634	
1221638	
1221658	
1221660	
1221664	
1221668	
1221670	
1221672	
1221675	
1221678	
1221681	
1221683	
1221686	
1221690	
1221694	
1221700	
1221775	
1221779	
1221781	
1221793	
1221800	
1221801	
1221808	
1221811	
1221822	
1221824	
1221832	
1221834	
1221841	
1221842	
1222427	
1222429	
1222430	
1222432	
1222437	
1222442	
1222446	
1222452	
1222457	
1222459	
1222463	
1222465	
1222492	
1222496	
1222498	
1222499	
1222501	
1222505	
1222509	
1222511	
1222513	
1222518	
1222521	
1222524	
1222528	
1222529	
1222532	
1222537	
1222545	
1222548	
1222552	
1222555	
1222561	
1222564	
1222569	
1222571	
1222573	
1222575	
1224616	
1224617	
1224619	
1224620	
1224621	
1224625	
1224627	
1224624	
1224626	
1224628	
1225363	
1224629	
1224630	
1224632	
1224633	
1224634	
1224636	
1224637	
1224638	
1224640	
1224643	
1224648	
1224649	
1224650	
1224652	
1224653	
1224659	
1224656	
1224657	
1224658	
1224661	
1224663	
1224665	
1224667	
1224668	
1224669	
1220522	
1220523	
1220525	
1224670	
1225156	
1224673	
1224674	
1224675	
1224676	
1224678	
1222583	
1224686	
1224688	
1224690	
1224692	
1224694	
1224698	
1224700	
1224701	
1224704	
1224706	
1220184	
1220197	
1220199	
1220301	
1224714	
1225160	
1220186	
1220201	
1220202	
1220302	
1224717	
1224725	
1224729	
1224731	
1224732	
1224734	
1220303	
1220187	
1220206	
1220305	
1224756	
1224743	
1224744	
1224745	
1224746	
1224747	
1225145	
1225147	
1225149	
1225151	
1225152	
1225165	
1225167	
1225168	
1225170	
1225171	
1225173	
1225174	
1225175	
1225176	
1225178	
1225179	
1225180	
1225181	
1225182	
1225183	
1225184	
1225186	
1225187	
1225188	
1225189	
1225190	
1225191	
1225192	
1225193	
1220188	
1220230	
1220308	
1220309	
1224757	
1225195	
1225196	
1225197	
1225198	
1225199	
1225200	
1225201	
1225202	
1225203	
1225204	
1220312	
1220237	
1220239	
1220315	
1224758	
1225205	
1225206	
1225207	
1225208	
1225209	
1220321	
1220326	
1220329	
1220331	
1224760	
1225210	
1225213	
1225214	
1225216	
1225217	
1225218	
1225219	
1225220	
1225221	
1225222	
1220336	
1220337	
1220339	
1220342	
1224761	
1225223	
1225226	
1225227	
1225228	
1225229	
1225231	
1225238	
1225239	
1225237	
1225240	
1225241	
1225242	
1225243	
1225245	
1225244	
1220345	
1220347	
1220350	
1220353	
1224763	
1225246	
1225247	
1225249	
1225250	
1225248	
1225255	
1225252	
1225253	
1225256	
1225258	
1225261	
1225263	
1225262	
1225264	
1220360	
1220361	
1220363	
1220366	
1224764	
1225265	
1225266	
1225267	
1225268	
1225269	
1225272	
1225273	
1225275	
1225277	
1225278	
1225280	
1225281	
1225282	
1225283	
1225284	
1220374	
1220370	
1220372	
1220373	
1224765	
1220391	
1220393	
1220394	
1220397	
1224767	
1225353	
1225356	
1225352	
1225354	
1225358	
1225357	
1220399	
1220401	
1220402	
1220403	
1224769	
1220406	
1220407	
1220409	
1220410	
1224772	
1220416	
1220419	
1220420	
1220422	
1224773	
1220429	
1220426	
1220424	
1220428	
1224775	
1220435	
1220436	
1220431	
1220434	
1224776	
1220441	
1220443	
1220445	
1220450	
1224777	
1220459	
1220457	
1220461	
1220462	
1224778	
1225331	
1225332	
1225333	
1225334	
1225335	
1225336	
1220466	
1220467	
1220469	
1220472	
1224780	
1225372	
1225371	
1225370	
1225369	
1225368	
1225373	
1225377	
1225379	
1225376	
1225374	
1225375	
1225381	
1220478	
1220481	
1220484	
1220486	
1224781	
1220495	
1220492	
1220489	
1220491	
1224783	
1220500	
1220497	
1220501	
1220503	
1224785	
1220508	
1220510	
1220512	
1224787	
1224790	
1220722	
1220724	
1220725	
1220727	
1224792	
1220729	
1220730	
1220731	
1220733	
1224793	
1220736	
1220737	
1220738	
1220739	
1224795	
1220742	
1220744	
1220745	
1220746	
1224796	
1225391	
1220747	
1220749	
1220750	
1220751	
1224798	
1220753	
1220755	
1220756	
1220758	
1224800	
1220759	
1220760	
1220761	
1220762	
1224801	
1220765	
1220766	
1220767	
1220768	
1224803	
1220769	
1220770	
1220771	
1220772	
1224804	
1220776	
1220777	
1220778	
1220779	
1224806	
1220782	
1220784	
1220785	
1220786	
1224807	
1220787	
1220790	
1220791	
1220792	
1224810	
1220795	
1220796	
1220797	
1220800	
1224811	
1220801	
1220802	
1220803	
1220804	
1224812	
1225401	
1220806	
1220807	
1220808	
1220809	
1224813	
1220811	
1220812	
1220813	
1220814	
1224815	
1220816	
1220817	
1220818	
1220819	
1224817	
1220822	
1220823	
1220824	
1220825	
1224821	
1220870	
1220872	
1220874	
1220876	
1224822	
1220882	
1220883	
1220885	
1220888	
1224826	
1220893	
1220897	
1220898	
1220900	
1224828	
1220906	
1220908	
1220911	
1220912	
1224830	
1220919	
1220923	
1220926	
1220929	
1224835	
1225409	
1225411	
1225413	
1225415	
1225417	
1225418	
1220934	
1220938	
1220941	
1220943	
1224842	
1220951	
1220954	
1220957	
1220960	
1224843	
1220964	
1220965	
1220969	
1220970	
1224849	
1220978	
1220979	
1220981	
1220982	
1224850	
1220987	
1220988	
1220989	
1220991	
1224853	
1225425	
1225426	
1225427	
1225428	
1225429	
1225430	
1220999	
1221001	
1221002	
1221003	
1224855	
1221006	
1221009	
1221010	
1221012	
1224858	
1222587	
1221014	
1221016	
1221017	
1221019	
1224861	
1221021	
1221023	
1221024	
1221025	
1224864	
1221028	
1221031	
1221030	
1221033	
1224870	
1221039	
1221041	
1221043	
1221044	
1224872	
1221048	
1221049	
1221050	
1221053	
1224873	
1221060	
1221062	
1221064	
1221065	
1224878	
1224882	
1221071	
1221074	
1221084	
1221085	
1221087	
1221088	
1221089	
1221091	
1224887	
1221093	
1221094	
1221096	
1221098	
1224889	
1225364	
1221101	
1221102	
1221103	
1221105	
1224890	
1224891	
1221107	
1221109	
1221111	
1221112	
1221114	
1221115	
1221116	
1221118	
1224892	
1221120	
1221121	
1221122	
1221124	
1224893	
1224895	
1221130	
1221131	
1221132	
1221133	
1224897	
1221135	
1221136	
1221137	
1221138	
1221140	
1221142	
1221143	
1221144	
1224899	
1221146	
1221148	
1221149	
1221150	
1224901	
1224903	
1221152	
1221154	
1221155	
1221157	
1222591	
1221158	
1221159	
1221161	
1221163	
1224906	
1224908	
1221277	
1221278	
1221279	
1221280	
1221281	
1221282	
1221283	
1221284	
1224910	
1224912	
1221286	
1221287	
1221288	
1221289	
1224916	
1224915	
1224917	
1224918	
1224919	
1221298	
1221296	
1221297	
1221300	
1224922	
1221303	
1221304	
1221307	
1221308	
1224926	
1225337	
1225338	
1225339	
1225341	
1225342	
1225343	
1221312	
1221313	
1221314	
1221316	
1224928	
1221317	
1221318	
1221319	
1221320	
1224929	
1221323	
1221324	
1221325	
1221327	
1224930	
1225346	
1225349	
1225347	
1225344	
1225348	
1221328	
1221329	
1221330	
1221331	
1224932	
1221334	
1221335	
1221336	
1221337	
1224933	
1221340	
1221341	
1221342	
1221343	
1224935	
1221345	
1221346	
1221347	
1221348	
1224937	
1221350	
1221352	
1221354	
1221355	
1224939	
1221356	
1221357	
1221358	
1221360	
1224940	
1221365	
1221368	
1221369	
1221370	
1224942	
1221371	
1221372	
1221373	
1221375	
1224944	
1221380	
1221379	
1221381	
1221382	
1224945	
1221384	
1221386	
1221388	
1221391	
1224946	
1221392	
1221393	
1221394	
1221395	
1224947	
1221397	
1221398	
1221399	
1221400	
1224949	
1221403	
1221407	
1221409	
1221411	
1224951	
1221413	
1221414	
1221416	
1221417	
1224952	
1221420	
1221422	
1221425	
1221426	
1224955	
1221429	
1221431	
1221432	
1221434	
1224956	
1221436	
1221438	
1221440	
1221441	
1224957	
1221443	
1221444	
1221446	
1221448	
1224959	
1221451	
1221452	
1221455	
1221457	
1224963	
1221462	
1221467	
1221469	
1221472	
1224969	
1221479	
1221480	
1221481	
1221484	
1224972	
1221490	
1221493	
1221495	
1221498	
1224977	
1221507	
1221510	
1221513	
1221516	
1224979	
1221523	
1221526	
1221530	
1221531	
1224980	
1221534	
1221537	
1221539	
1221540	
1224981	
1221544	
1221546	
1221548	
1221550	
1224983	
1221559	
1221561	
1221563	
1221565	
1224984	
1221570	
1221571	
1221573	
1221574	
1224986	
1221577	
1221578	
1221579	
1221580	
1224990	
1221582	
1221584	
1221586	
1221587	
1224991	
1221589	
1221590	
1221592	
1221593	
1224993	
1221599	
1221602	
1221603	
1221605	
1224994	
1221615	
1221613	
1221616	
1221619	
1224995	
1221624	
1221626	
1221627	
1221629	
1224996	
1221639	
1221640	
1221641	
1221642	
1224997	
1221645	
1221646	
1221647	
1221649	
1224998	
1221653	
1221654	
1221655	
1221657	
1224999	
1225001	
1225002	
1225003	
1225004	
1225005	
1221710	
1221714	
1225006	
1225011	
1225013	
1228226	
1228228	
1228230	
1228232	
1228233	
1225286	
1225287	
1225288	
1225289	
1225290	
1228216	
1228218	
1228219	
1228220	
1228221	
1228222	
1225291	
1225293	
1225294	
1225295	
1225306	
1221720	
1221724	
1225307	
1225308	
1225309	
1225297	
1225298	
1225300	
1225301	
1225303	
1228782	
1228783	
1228784	
1228785	
1228778	
1228779	
1228780	
1228781	
1228774	
1228775	
1228776	
1228777	
1228773	
1228772	
1228762	
1228746	
1228724	
1228725	
1228727	
1228730	
1228732	
1228708	
1228710	
1228713	
1228715	
1228705	
1228698	
1228699	
1228700	
1228702	
1228703	
1228691	
1228690	
1228693	
1228694	
1228679	
1228681	
1228683	
1228685	
1228688	
1228675	
1228672	
1228663	
1228664	
1228665	
1228666	
1228668	
1228651	
1228652	
1228657	
1228659	
1228660	
1228641	
1228643	
1228645	
1228646	
1228647	
1225310	
1221728	
1221729	
1225311	
1225312	
1225313	
1228634	
1228635	
1228636	
1228637	
1228638	
1225315	
1225316	
1225317	
1225318	
1225320	
1225322	
1225323	
1225325	
1225326	
1228624	
1228626	
1228627	
1228628	
1228629	
1228619	
1228620	
1228622	
1228623	
1228416	
1228417	
1228418	
1228419	
1228423	
1228406	
1228407	
1228410	
1228412	
1228413	
1228381	
1228383	
1228384	
1228386	
1228388	
1228375	
1228376	
1228378	
1228371	
1228365	
1228352	
1228354	
1228356	
1228357	
1228359	
1221735	
1228335	
1228336	
1228338	
1228340	
1228342	
1228330	
1221738	
1228319	
1228320	
1228322	
1228323	
1228324	
1228312	
1228313	
1228314	
1228315	
1228316	
1228304	
1228305	
1228306	
1228307	
1228309	
1228310	
1228293	
1228295	
1228297	
1228299	
1228301	
1228303	
1228289	
1228290	
1228291	
1221740	
1228284	
1228281	
1228283	
1228285	
1228288	
1228274	
1228273	
1228275	
1228277	
1228278	
1221741	
1226092	
1226093	
1226094	
1226095	
1226096	
1228271	
1228268	
1228263	
1228248	
1228249	
1228251	
1228253	
1228257	
1228244	
1228236	
1228237	
1228239	
1228241	
1228242	
1228243	
1228214	
1228205	
1228206	
1228208	
1228209	
1228211	
1228201	
1228203	
1228204	
1228192	
1228193	
1228194	
1228195	
1228197	
1228198	
1228187	
1228188	
1228189	
1228190	
1228191	
1226226	
1226227	
1226230	
1226232	
1226234	
1226216	
1226217	
1226219	
1226220	
1226203	
1226204	
1226205	
1226207	
1226208	
1226195	
1226197	
1226198	
1226201	
1226194	
1226187	
1226188	
1226189	
1226190	
1226191	
1226179	
1226180	
1226181	
1226182	
1226184	
1226087	
1226088	
1226089	
1226090	
1226091	
1226171	
1226173	
1226175	
1226176	
1226177	
1226162	
1226164	
1226165	
1226166	
1226167	
1221744	
1226157	
1226158	
1226159	
1226160	
1226161	
1226156	
1221745	
1226155	
1226148	
1226149	
1226150	
1226151	
1226152	
1226138	
1226140	
1226141	
1226143	
1226145	
1221747	
1226128	
1226129	
1226130	
1226133	
1226134	
1226115	
1226117	
1226119	
1226120	
1226122	
1225801	
1226104	
1226105	
1226106	
1226107	
1226109	
1221751	
1226097	
1226098	
1226099	
1226100	
1226101	
1226077	
1226080	
1226081	
1226083	
1226071	
1226072	
1226073	
1226074	
1226075	
1226066	
1226067	
1226068	
1226069	
1226070	
1221754	
1226061	
1226062	
1226063	
1226064	
1226065	
1226060	
1221756	
1226055	
1226056	
1226057	
1226058	
1226059	
1226050	
1226051	
1226052	
1226053	
1226054	
1226045	
1226046	
1226047	
1226048	
1226049	
1226040	
1226041	
1226042	
1226043	
1226044	
1225888	
1225889	
1225891	
1225892	
1225893	
1225875	
1225876	
1225878	
1225880	
1225881	
1225882	
1225866	
1225868	
1225869	
1225871	
1225872	
1225791	
1225792	
1225793	
1225794	
1225795	
1225850	
1225849	
1225774	
1225779	
1225782	
1225784	
1225785	
1225838	
1225839	
1225840	
1225842	
1225843	
1225830	
1225832	
1225834	
1225835	
1225837	
1225770	
1225765	
1225767	
1225768	
1225758	
1225757	
1225760	
1225761	
1225763	
1225818	
1225819	
1225821	
1225823	
1221758	
1225804	
1225807	
1225808	
1225810	
1225812	
1225739	
1225740	
1225743	
1225738	
1225742	
1225745	
1225731	
1225734	
1225724	
1225726	
1225702	
1225706	
1225703	
1225711	
1225714	
1225695	
1225692	
1225694	
1225689	
1225690	
1225673	
1225675	
1225677	
1225680	
1225683	
1225652	
1225654	
1225656	
1225662	
1225664	
1225751	
1225753	
1225754	
1225755	
1225756	
1221761	
1225750	
1225752	
1225762	
1225764	
1225766	
1225772	
1220075	
1225781	
1225786	
1225788	
1220088	
1220090	
1220095	
1226295	
1226296	
1226297	
1226298	
1220100	
1226334	
1226338	
1226343	
1226345	
1226347	
1220124	
1226319	
1226321	
1226322	
1226324	
1226325	
1220133	
1226349	
1226355	
1226677	
1226680	
1226684	
1220291	
1220292	
1220294	
1220297	
1226720	
1226722	
1220234	
1220236	
1220240	
1220250	
1226711	
1226714	
1220316	
1220324	
1220325	
1220332	
1226726	
1226743	
1220344	
1220348	
1220352	
1220357	
1226746	
1226748	
1220404	
1220408	
1220412	
1220413	
1226753	
1220427	
1220524	
1220527	
1220528	
1220533	
1220534	
1220535	
1220953	
1220955	
1220962	
1220968	
1221057	
1221046	
1221037	
1221058	
1221153	
1221156	
1221162	
1221164	
1221179	
1221180	
1221182	
1221184	
1221190	
1221191	
1221192	
1221193	
1221442	
1221439	
1221445	
1221447	
1221366	
1221374	
1221387	
1221390	
1221463	
1221473	
1221483	
1221487	
1221556	
1221557	
1221553	
1221545	
1221581	
1221583	
1221585	
1221588	
1221594	
1221596	
1221612	
1221601	
1221609	
1221631	
1221633	
1221635	
1221637	
1221644	
1224520	
1221650	
1224522	
1221656	
1224523	
1224525	
1224527	
1221736	
1224528	
1221742	
1224530	
1221746	
1224532	
1221750	
1224534	
1221755	
1224536	
1221757	
1224540	
1224543	
1221759	
1224545	
1224548	
1221763	
1224552	
1224564	
1221764	
1221765	
1221767	
1221769	
1221774	
1221772	
1221777	
1221784	
1221815	
1221820	
1224412	
1221825	
1224029	
1224023	
1221828	
1220041	
1220039	
1221830	
1221833	
1221838	
1220037	
1221840	
1220034	
1220032	
1220030	
1220028	
1220018	
1220014	
1219999	
1221843	
1219991	
1219987	
1219569	
1219573	
2316	
